pygame 1.9.6
Hello from the pygame community. https://www.pygame.org/contribute.html

WARNING: The TensorFlow contrib module will not be included in TensorFlow 2.0.
For more information, please see:
  * https://github.com/tensorflow/community/blob/master/rfcs/20180907-contrib-sunset.md
  * https://github.com/tensorflow/addons
If you depend on functionality not listed there, please file an issue.

Loading pretrained/dqn/Seaquest/1/tf_checkpoints/tf_ckpt-199
Online/Conv/weights:0 (8, 8, 4, 32)  
Online/Conv/biases:0 (32,)          
Online/Conv_1/weights:0 (4, 4, 32, 64) 
Online/Conv_1/biases:0 (64,)          
Online/Conv_2/weights:0 (3, 3, 64, 64) 
Online/Conv_2/biases:0 (64,)          
Online/fully_connected/weights:0 (7744, 512)    
Online/fully_connected/biases:0 (512,)         
Online/fully_connected_1/weights:0 (512, 18)      
Online/fully_connected_1/biases:0 (18,)          
Target/Conv/weights:0 (8, 8, 4, 32)  
Target/Conv/biases:0 (32,)          
Target/Conv_1/weights:0 (4, 4, 32, 64) 
Target/Conv_1/biases:0 (64,)          
Target/Conv_2/weights:0 (3, 3, 64, 64) 
Target/Conv_2/biases:0 (64,)          
Target/fully_connected/weights:0 (7744, 512)    
Target/fully_connected/biases:0 (512,)         
Target/fully_connected_1/weights:0 (512, 18)      
Target/fully_connected_1/biases:0 (18,)          
Loading pretrained/dqn/Seaquest/5/tf_checkpoints/tf_ckpt-199
Online/Conv/weights:0 (8, 8, 4, 32)  
Online/Conv/biases:0 (32,)          
Online/Conv_1/weights:0 (4, 4, 32, 64) 
Online/Conv_1/biases:0 (64,)          
Online/Conv_2/weights:0 (3, 3, 64, 64) 
Online/Conv_2/biases:0 (64,)          
Online/fully_connected/weights:0 (7744, 512)    
Online/fully_connected/biases:0 (512,)         
Online/fully_connected_1/weights:0 (512, 18)      
Online/fully_connected_1/biases:0 (18,)          
Target/Conv/weights:0 (8, 8, 4, 32)  
Target/Conv/biases:0 (32,)          
Target/Conv_1/weights:0 (4, 4, 32, 64) 
Target/Conv_1/biases:0 (64,)          
Target/Conv_2/weights:0 (3, 3, 64, 64) 
Target/Conv_2/biases:0 (64,)          
Target/fully_connected/weights:0 (7744, 512)    
Target/fully_connected/biases:0 (512,)         
Target/fully_connected_1/weights:0 (512, 18)      
Target/fully_connected_1/biases:0 (18,)          
Performing blockbox attack (perturbation is computed by source model)
attacker_policy: random
targetted: False visualize: False decreasing_epsilons: True
epsilons: 100 max_epsilons: [0.01] attack_proportions: [0.1 0.2 0.3 0.4 0.5 0.6 0.7 0.8 0.9 1. ]
epsilons: 100 max_epsilon: 0.01 attack_proportion: 0.1
1920.0 0.10411311053984576 0.7901234567901234 [0, 13, 59, 16, 220, 562, 168, 0, 1, 64, 474, 46, 163, 398, 45, 87, 5, 13]
1380.0 0.0970414201183432 0.8048780487804879 [2, 23, 1, 1, 182, 548, 158, 0, 2, 72, 249, 20, 125, 175, 44, 84, 2, 2]
1740.0 0.09329896907216495 0.8011049723756906 [3, 27, 3, 20, 192, 506, 167, 0, 1, 52, 321, 66, 135, 296, 31, 97, 9, 14]
980.0 0.10151515151515152 0.7313432835820896 [10, 14, 2, 5, 133, 413, 104, 1, 3, 31, 210, 15, 107, 168, 37, 53, 9, 5]
1480.0 0.09402205455600697 0.7716049382716049 [8, 12, 10, 7, 147, 433, 137, 0, 10, 55, 363, 30, 113, 274, 31, 60, 14, 19]
1740.0 0.10507432086109687 0.7609756097560976 [19, 24, 6, 17, 147, 529, 174, 0, 1, 58, 294, 60, 117, 327, 32, 117, 13, 16]
880.0 0.09349955476402494 0.7904761904761904 [0, 3, 5, 3, 87, 292, 74, 1, 9, 29, 256, 19, 59, 235, 13, 32, 2, 4]
1280.0 0.09921156373193167 0.7350993377483444 [2, 8, 8, 12, 106, 419, 152, 1, 0, 63, 279, 30, 118, 227, 30, 57, 1, 9]
1380.0 0.09391534391534391 0.7746478873239436 [3, 17, 2, 4, 99, 466, 161, 0, 2, 31, 301, 22, 126, 183, 23, 60, 3, 9]
1560.0 0.12121212121212122 0.8045454545454546 [14, 26, 4, 21, 180, 500, 146, 1, 0, 23, 223, 63, 108, 291, 53, 122, 29, 11]
1434.0 313.69411852950003 0.10029036102860309 0.0081447307352864
epsilons: 100 max_epsilon: 0.01 attack_proportion: 0.2
1720.0 0.20010559662090813 0.7941952506596306 [6, 16, 0, 7, 122, 560, 166, 0, 0, 70, 343, 22, 146, 282, 59, 74, 13, 8]
460.0 0.21777221526908636 0.8448275862068966 [0, 5, 2, 7, 72, 213, 35, 0, 11, 15, 191, 10, 50, 143, 8, 30, 0, 7]
1220.0 0.19920844327176782 0.8013245033112583 [1, 6, 2, 3, 119, 495, 152, 0, 6, 61, 244, 16, 123, 174, 49, 58, 6, 1]
1560.0 0.19023569023569023 0.8348082595870207 [4, 25, 22, 21, 181, 302, 75, 0, 0, 17, 384, 94, 60, 429, 24, 116, 10, 18]
1100.0 0.17751937984496124 0.8078602620087336 [3, 14, 2, 8, 128, 430, 99, 0, 1, 29, 246, 10, 84, 143, 40, 37, 11, 5]
600.0 0.18996798292422626 0.7808988764044944 [1, 16, 2, 7, 77, 314, 60, 0, 1, 29, 154, 17, 36, 158, 16, 45, 0, 4]
1280.0 0.18526170798898073 0.7769516728624535 [2, 6, 4, 2, 104, 467, 160, 1, 5, 48, 256, 15, 123, 171, 36, 45, 3, 4]
1340.0 0.17550753110674525 0.8507462686567164 [3, 26, 2, 4, 111, 508, 136, 0, 0, 45, 224, 18, 151, 185, 37, 67, 6, 4]
1600.0 0.19538288288288289 0.8040345821325648 [4, 13, 0, 1, 167, 600, 185, 0, 0, 57, 268, 23, 147, 171, 43, 77, 10, 10]
1400.0 0.18198642813078347 0.7457627118644068 [6, 9, 8, 12, 156, 407, 115, 0, 1, 57, 258, 57, 103, 280, 38, 101, 9, 4]
1228.0 391.9387707282861 0.19129478582760323 0.01192873853592661
epsilons: 100 max_epsilon: 0.01 attack_proportion: 0.30000000000000004
1040.0 0.2885345482156416 0.7657894736842106 [7, 7, 9, 7, 139, 379, 120, 0, 2, 61, 206, 14, 77, 195, 30, 56, 4, 4]
1100.0 0.3046018991964938 0.7841726618705036 [0, 17, 1, 11, 81, 449, 115, 0, 0, 20, 265, 26, 102, 193, 18, 58, 6, 7]
1580.0 0.2813386273397618 0.7862903225806451 [10, 17, 3, 5, 141, 502, 151, 0, 2, 59, 287, 33, 133, 253, 61, 96, 6, 4]
1220.0 0.31582537517053205 0.7883369330453563 [4, 20, 3, 5, 108, 468, 127, 0, 0, 40, 208, 29, 110, 217, 42, 75, 8, 2]
1340.0 0.28519417475728154 0.8170212765957446 [0, 7, 12, 4, 140, 442, 127, 0, 3, 47, 311, 40, 115, 283, 38, 63, 4, 12]
1860.0 0.2982456140350877 0.8009049773755657 [0, 23, 33, 8, 185, 567, 189, 0, 1, 74, 426, 32, 151, 385, 59, 69, 2, 19]
600.0 0.28809523809523807 0.7975206611570248 [6, 19, 1, 9, 46, 329, 53, 0, 2, 13, 131, 9, 48, 112, 22, 31, 4, 5]
1120.0 0.28972653362897266 0.7755102040816326 [15, 16, 2, 13, 89, 418, 124, 0, 2, 41, 219, 19, 116, 170, 26, 74, 4, 5]
860.0 0.2881976212259835 0.7904761904761904 [0, 17, 3, 3, 62, 358, 79, 0, 0, 42, 202, 19, 56, 167, 26, 43, 9, 7]
320.0 0.2972972972972973 0.7515151515151515 [6, 11, 0, 3, 38, 230, 39, 0, 0, 4, 47, 5, 69, 58, 9, 33, 1, 2]
1104.0 424.245212112052 0.293705692896229 0.009855449840888784
epsilons: 100 max_epsilon: 0.01 attack_proportion: 0.4
1400.0 0.39728353140916806 0.7863247863247863 [17, 18, 9, 10, 96, 466, 114, 1, 3, 59, 295, 55, 95, 354, 55, 104, 8, 8]
260.0 0.3996212121212121 0.8104265402843602 [1, 0, 5, 0, 33, 201, 20, 0, 5, 5, 85, 4, 49, 81, 11, 27, 1, 0]
1900.0 0.4033412887828162 0.8011834319526627 [15, 26, 23, 22, 117, 577, 139, 3, 0, 62, 380, 64, 124, 342, 48, 139, 5, 9]
520.0 0.39851485148514854 0.8105590062111802 [10, 14, 1, 8, 96, 287, 62, 1, 0, 9, 119, 11, 59, 81, 18, 26, 5, 1]
1140.0 0.3772893772893773 0.7980582524271844 [9, 19, 6, 9, 118, 448, 112, 0, 1, 22, 205, 28, 78, 184, 28, 88, 2, 8]
1100.0 0.4006001500375094 0.7715355805243446 [15, 15, 3, 5, 115, 376, 141, 1, 4, 35, 228, 8, 110, 184, 24, 55, 9, 5]
1500.0 0.3964305029745809 0.781718963165075 [7, 15, 2, 8, 233, 513, 157, 0, 0, 67, 296, 34, 119, 250, 52, 79, 10, 7]
1100.0 0.4150397686189443 0.7700348432055749 [5, 13, 2, 8, 136, 442, 137, 0, 0, 47, 179, 16, 126, 140, 43, 77, 5, 7]
1480.0 0.3916562889165629 0.8028616852146264 [3, 21, 3, 10, 120, 545, 152, 0, 1, 28, 264, 14, 146, 173, 45, 67, 7, 7]
1280.0 0.40307486631016043 0.7844112769485904 [0, 23, 1, 12, 93, 359, 119, 1, 0, 43, 313, 42, 98, 271, 28, 70, 1, 22]
1168.0 454.3302763409016 0.398285183794548 0.00908640436633484
epsilons: 100 max_epsilon: 0.01 attack_proportion: 0.5
1740.0 0.49700272479564034 0.7883771929824561 [12, 24, 1, 18, 136, 487, 133, 0, 0, 37, 286, 51, 149, 300, 42, 139, 7, 13]
1460.0 0.5142011834319526 0.7813578826237054 [0, 10, 16, 6, 182, 413, 118, 1, 1, 43, 365, 37, 94, 286, 42, 60, 9, 7]
1420.0 0.5008586147681741 0.7714285714285715 [0, 24, 2, 12, 144, 572, 180, 0, 1, 77, 304, 18, 108, 189, 44, 64, 2, 6]
1480.0 0.5155993431855501 0.772823779193206 [2, 30, 2, 4, 187, 548, 138, 0, 1, 84, 305, 22, 157, 220, 63, 53, 4, 7]
920.0 0.49228269699431354 0.8333333333333334 [5, 22, 1, 3, 121, 322, 106, 0, 1, 15, 176, 27, 94, 244, 18, 75, 1, 0]
1800.0 0.4854961832061069 0.7830188679245284 [6, 16, 1, 19, 150, 622, 178, 0, 3, 67, 287, 23, 116, 274, 46, 142, 12, 3]
360.0 0.5 0.78 [1, 3, 10, 4, 50, 226, 39, 0, 1, 7, 100, 2, 55, 68, 11, 19, 1, 3]
820.0 0.488929889298893 0.7754716981132076 [5, 20, 3, 9, 75, 353, 116, 1, 0, 31, 129, 9, 140, 110, 25, 53, 1, 4]
1360.0 0.49625935162094764 0.7587939698492462 [10, 21, 2, 8, 150, 489, 154, 0, 0, 92, 220, 36, 101, 196, 36, 82, 3, 4]
1020.0 0.4917915774446824 0.8272859216255443 [1, 3, 68, 2, 121, 218, 47, 0, 0, 18, 363, 45, 54, 370, 13, 40, 7, 31]
1238.0 426.3754214304572 0.498242156474626 0.009474541294499973
epsilons: 100 max_epsilon: 0.01 attack_proportion: 0.6000000000000001
1100.0 0.6039531478770132 0.7745454545454545 [7, 29, 0, 11, 67, 405, 131, 0, 0, 37, 188, 24, 99, 242, 24, 95, 2, 5]
800.0 0.5555555555555556 0.803448275862069 [0, 2, 3, 4, 89, 349, 76, 0, 2, 27, 167, 16, 88, 130, 26, 63, 1, 1]
1360.0 0.6225658648339061 0.7773689052437902 [17, 12, 7, 20, 147, 420, 113, 0, 1, 60, 296, 56, 122, 313, 41, 109, 6, 6]
700.0 0.5931321540062435 0.7947368421052632 [0, 5, 12, 10, 89, 297, 86, 0, 0, 26, 161, 3, 55, 133, 37, 39, 2, 6]
620.0 0.566304347826087 0.783109404990403 [13, 20, 1, 7, 102, 324, 88, 0, 2, 42, 88, 3, 86, 76, 20, 38, 1, 9]
1520.0 0.626465661641541 0.7754010695187166 [17, 27, 5, 19, 177, 427, 142, 0, 0, 38, 247, 61, 115, 354, 45, 100, 8, 9]
720.0 0.6107954545454546 0.7705426356589147 [7, 5, 3, 2, 119, 288, 62, 0, 2, 29, 156, 17, 58, 208, 21, 71, 3, 5]
800.0 0.6184084372003835 0.7782945736434108 [1, 9, 8, 3, 77, 358, 88, 0, 1, 39, 172, 8, 58, 149, 37, 32, 3, 0]
380.0 0.6024096385542169 0.7575 [4, 17, 1, 7, 55, 248, 43, 0, 1, 18, 97, 9, 45, 70, 15, 28, 4, 2]
1300.0 0.6273990734612839 0.7447257383966245 [17, 31, 9, 15, 88, 390, 128, 0, 1, 24, 218, 53, 97, 276, 29, 111, 9, 15]
930.0 350.4568447041661 0.6026989335501686 0.023499436942996676
epsilons: 100 max_epsilon: 0.01 attack_proportion: 0.7000000000000001
760.0 0.7019498607242339 0.7658730158730159 [2, 10, 4, 2, 147, 341, 87, 1, 2, 35, 158, 20, 59, 153, 21, 26, 3, 6]
1480.0 0.7044943820224719 0.7695374800637959 [2, 14, 47, 5, 123, 422, 103, 0, 2, 80, 386, 40, 102, 322, 33, 66, 11, 22]
1100.0 0.7114391143911439 0.7852697095435685 [0, 5, 7, 3, 135, 350, 77, 1, 1, 39, 291, 36, 71, 249, 23, 55, 4, 8]
1640.0 0.7001067235859125 0.7835365853658537 [15, 18, 1, 5, 136, 550, 162, 0, 0, 92, 290, 22, 116, 308, 42, 108, 2, 7]
1240.0 0.7148058252427184 0.7971137521222411 [22, 16, 48, 5, 156, 297, 91, 0, 2, 46, 325, 59, 66, 396, 29, 76, 3, 11]
1520.0 0.6975460122699386 0.7906772207563765 [4, 13, 4, 14, 91, 476, 127, 1, 1, 48, 308, 21, 114, 266, 37, 94, 8, 3]
1540.0 0.7135470527404343 0.777536231884058 [43, 18, 14, 14, 152, 482, 154, 0, 0, 63, 293, 46, 124, 333, 34, 137, 11, 16]
1560.0 0.6992084432717678 0.7766037735849056 [6, 21, 3, 14, 190, 487, 144, 1, 3, 66, 290, 32, 110, 380, 34, 96, 6, 12]
820.0 0.6939130434782609 0.7919799498746867 [7, 6, 4, 4, 104, 341, 73, 0, 0, 53, 197, 20, 93, 167, 33, 37, 2, 9]
1620.0 0.7017543859649122 0.7685483870967742 [18, 29, 7, 26, 78, 507, 133, 1, 0, 44, 280, 48, 110, 307, 39, 119, 6, 15]
1328.0 313.33049644105824 0.7038764843691796 0.0067387496663336545
epsilons: 100 max_epsilon: 0.01 attack_proportion: 0.8
660.0 0.7921022067363531 0.7800586510263929 [28, 9, 0, 10, 41, 177, 35, 0, 2, 10, 143, 44, 65, 201, 2, 89, 1, 4]
1220.0 0.796271637816245 0.7550167224080268 [7, 20, 5, 4, 108, 406, 119, 0, 0, 51, 242, 11, 121, 272, 38, 89, 4, 5]
1620.0 0.7901622187336473 0.7496688741721854 [12, 27, 5, 18, 172, 492, 168, 0, 0, 50, 296, 63, 139, 300, 38, 111, 11, 9]
1020.0 0.8077192982456141 0.7984361424847958 [8, 16, 4, 5, 127, 435, 103, 0, 0, 73, 217, 15, 113, 212, 45, 39, 12, 1]
1600.0 0.7936590436590436 0.7459070072036673 [3, 24, 2, 8, 196, 559, 195, 1, 0, 81, 310, 30, 128, 245, 63, 58, 6, 15]
880.0 0.8094218415417559 0.763668430335097 [15, 6, 11, 20, 127, 295, 72, 0, 1, 19, 211, 70, 99, 305, 25, 110, 9, 6]
1000.0 0.822347266881029 0.7712609970674487 [14, 26, 6, 15, 72, 268, 72, 1, 3, 49, 220, 34, 76, 259, 25, 95, 3, 6]
340.0 0.7953488372093023 0.7660818713450293 [6, 17, 1, 2, 68, 224, 35, 0, 1, 6, 85, 5, 63, 90, 13, 24, 1, 4]
1320.0 0.8128617363344052 0.7539556962025317 [4, 20, 3, 2, 115, 488, 146, 0, 0, 37, 245, 17, 138, 230, 46, 53, 4, 7]
1340.0 0.7937694704049845 0.7872841444270016 [8, 20, 42, 5, 142, 397, 83, 0, 0, 38, 339, 39, 51, 349, 26, 56, 2, 8]
1100.0 384.2915559832144 0.8013663557562379 0.010335532334695464
epsilons: 100 max_epsilon: 0.01 attack_proportion: 0.9
1420.0 0.9017521902377973 0.7702984038861902 [12, 15, 1, 7, 156, 507, 168, 0, 4, 67, 241, 13, 112, 186, 40, 59, 6, 4]
1160.0 0.8974739970282318 0.7557947019867549 [3, 12, 1, 6, 81, 465, 123, 0, 1, 46, 230, 11, 109, 158, 38, 52, 6, 4]
840.0 0.9226190476190477 0.7585253456221198 [3, 19, 2, 3, 103, 289, 102, 0, 2, 37, 170, 19, 100, 246, 23, 56, 0, 2]
1140.0 0.8992758393680053 0.7598828696925329 [9, 16, 0, 4, 152, 415, 117, 2, 0, 51, 210, 42, 82, 284, 38, 84, 8, 5]
960.0 0.9073614557485525 0.7784867821330902 [3, 5, 4, 6, 124, 392, 113, 1, 0, 38, 177, 9, 91, 153, 45, 45, 0, 3]
800.0 0.889090909090909 0.778118609406953 [3, 5, 2, 6, 103, 391, 111, 0, 0, 37, 158, 8, 69, 127, 29, 50, 1, 0]
1380.0 0.8928571428571429 0.779375 [4, 3, 41, 12, 194, 441, 135, 0, 1, 34, 356, 43, 91, 339, 28, 55, 2, 13]
1120.0 0.9005412719891746 0.7640871525169046 [8, 26, 5, 8, 202, 382, 159, 0, 2, 53, 207, 24, 104, 207, 38, 42, 7, 4]
1560.0 0.9028671737858397 0.778353856124433 [1, 6, 4, 5, 130, 504, 162, 1, 2, 59, 336, 25, 116, 251, 38, 66, 1, 2]
920.0 0.8973384030418251 0.7771186440677966 [0, 8, 7, 3, 188, 333, 103, 0, 2, 51, 233, 31, 93, 203, 27, 27, 0, 6]
1130.0 244.6630335788388 0.9011177430766526 0.008654019599114927
epsilons: 100 max_epsilon: 0.01 attack_proportion: 1.0
1060.0 1.0 0.7506906077348067 [2, 8, 2, 4, 104, 386, 78, 0, 1, 25, 283, 36, 71, 325, 31, 75, 3, 14]
1200.0 1.0 0.762423417290674 [1, 4, 6, 5, 127, 478, 145, 0, 4, 51, 232, 9, 81, 205, 58, 58, 3, 2]
2000.0 1.0 0.7567820392890552 [14, 25, 2, 21, 151, 592, 174, 0, 1, 72, 340, 53, 127, 351, 57, 149, 3, 6]
1300.0 1.0 0.788659793814433 [0, 9, 33, 4, 220, 343, 104, 0, 1, 66, 343, 33, 76, 409, 46, 43, 6, 10]
1320.0 1.0 0.7751256281407035 [2, 12, 2, 9, 154, 439, 167, 0, 2, 57, 284, 30, 68, 267, 27, 64, 0, 8]
1200.0 1.0 0.7737127371273713 [2, 15, 2, 15, 110, 400, 86, 0, 1, 63, 305, 19, 88, 264, 44, 53, 0, 9]
1340.0 1.0 0.765787860208461 [2, 20, 6, 16, 175, 396, 129, 1, 1, 64, 312, 28, 98, 262, 51, 62, 4, 4]
1140.0 1.0 0.7578796561604585 [11, 22, 2, 5, 123, 364, 138, 0, 2, 66, 214, 17, 126, 217, 37, 41, 7, 4]
920.0 1.0 0.7431192660550459 [2, 6, 2, 6, 123, 385, 130, 3, 1, 38, 146, 13, 84, 168, 24, 66, 0, 2]
620.0 1.0 0.7865921787709497 [2, 6, 2, 3, 76, 287, 69, 0, 0, 37, 125, 8, 68, 126, 33, 48, 2, 3]
1210.0 334.81338085566415 1.0 0.0
[1434.0, 1228.0, 1104.0, 1168.0, 1238.0, 930.0, 1328.0, 1100.0, 1130.0, 1210.0]
[313.69411852950003, 391.9387707282861, 424.245212112052, 454.3302763409016, 426.3754214304572, 350.4568447041661, 313.33049644105824, 384.2915559832144, 244.6630335788388, 334.81338085566415]
[0.10029036102860309, 0.19129478582760323, 0.293705692896229, 0.398285183794548, 0.498242156474626, 0.6026989335501686, 0.7038764843691796, 0.8013663557562379, 0.9011177430766526, 1.0]
[0.0081447307352864, 0.01192873853592661, 0.009855449840888784, 0.00908640436633484, 0.009474541294499973, 0.023499436942996676, 0.0067387496663336545, 0.010335532334695464, 0.008654019599114927, 0.0]
Process 97584 detected
