pygame 1.9.6
Hello from the pygame community. https://www.pygame.org/contribute.html

WARNING: The TensorFlow contrib module will not be included in TensorFlow 2.0.
For more information, please see:
  * https://github.com/tensorflow/community/blob/master/rfcs/20180907-contrib-sunset.md
  * https://github.com/tensorflow/addons
If you depend on functionality not listed there, please file an issue.

Loading pretrained/dqn/Riverraid/1/tf_checkpoints/tf_ckpt-199
Online/Conv/weights:0 (8, 8, 4, 32)  
Online/Conv/biases:0 (32,)          
Online/Conv_1/weights:0 (4, 4, 32, 64) 
Online/Conv_1/biases:0 (64,)          
Online/Conv_2/weights:0 (3, 3, 64, 64) 
Online/Conv_2/biases:0 (64,)          
Online/fully_connected/weights:0 (7744, 512)    
Online/fully_connected/biases:0 (512,)         
Online/fully_connected_1/weights:0 (512, 18)      
Online/fully_connected_1/biases:0 (18,)          
Target/Conv/weights:0 (8, 8, 4, 32)  
Target/Conv/biases:0 (32,)          
Target/Conv_1/weights:0 (4, 4, 32, 64) 
Target/Conv_1/biases:0 (64,)          
Target/Conv_2/weights:0 (3, 3, 64, 64) 
Target/Conv_2/biases:0 (64,)          
Target/fully_connected/weights:0 (7744, 512)    
Target/fully_connected/biases:0 (512,)         
Target/fully_connected_1/weights:0 (512, 18)      
Target/fully_connected_1/biases:0 (18,)          
Loading pretrained/dqn/Riverraid/5/tf_checkpoints/tf_ckpt-199
Online/Conv/weights:0 (8, 8, 4, 32)  
Online/Conv/biases:0 (32,)          
Online/Conv_1/weights:0 (4, 4, 32, 64) 
Online/Conv_1/biases:0 (64,)          
Online/Conv_2/weights:0 (3, 3, 64, 64) 
Online/Conv_2/biases:0 (64,)          
Online/fully_connected/weights:0 (7744, 512)    
Online/fully_connected/biases:0 (512,)         
Online/fully_connected_1/weights:0 (512, 18)      
Online/fully_connected_1/biases:0 (18,)          
Target/Conv/weights:0 (8, 8, 4, 32)  
Target/Conv/biases:0 (32,)          
Target/Conv_1/weights:0 (4, 4, 32, 64) 
Target/Conv_1/biases:0 (64,)          
Target/Conv_2/weights:0 (3, 3, 64, 64) 
Target/Conv_2/biases:0 (64,)          
Target/fully_connected/weights:0 (7744, 512)    
Target/fully_connected/biases:0 (512,)         
Target/fully_connected_1/weights:0 (512, 18)      
Target/fully_connected_1/biases:0 (18,)          
Performing blockbox attack (perturbation is computed by source model)
attacker_policy: attack_large_prob_gap
targetted: False visualize: False decreasing_epsilons: True
epsilons: 100 max_epsilons: [0.01] attack_proportions: [0.1 0.2 0.3 0.4 0.5 0.6 0.7 0.8 0.9 1. ]
epsilons: 100 max_epsilon: 0.01 attack_proportion: 0.1
7640.0 0.12135922330097088 0.704 [23, 9, 1, 17, 4, 49, 12, 32, 5, 4, 40, 37, 97, 16, 277, 170, 27, 210]
17000.0 0.11091626479614204 0.758893280632411 [40, 92, 0, 70, 10, 125, 5, 40, 6, 27, 112, 39, 210, 5, 663, 359, 76, 402]
11240.0 0.11545510079413561 0.7936507936507936 [19, 59, 1, 45, 5, 157, 5, 24, 7, 8, 71, 22, 166, 16, 431, 250, 80, 271]
15170.0 0.1233140655105973 0.79296875 [36, 47, 0, 52, 13, 137, 12, 58, 8, 16, 107, 47, 251, 27, 552, 303, 86, 324]
14920.0 0.12418300653594772 0.7180451127819549 [53, 66, 1, 60, 16, 139, 12, 51, 10, 30, 94, 27, 200, 6, 626, 345, 73, 333]
11500.0 0.09490886235072282 0.7483443708609272 [19, 101, 0, 43, 16, 53, 2, 24, 2, 1, 66, 22, 171, 2, 457, 226, 64, 322]
6750.0 0.12324649298597194 0.7154471544715447 [21, 43, 0, 44, 0, 50, 9, 21, 2, 1, 26, 39, 121, 1, 280, 155, 17, 168]
5960.0 0.13053348467650397 0.6521739130434783 [9, 61, 5, 15, 4, 36, 1, 2, 0, 7, 15, 8, 90, 1, 264, 128, 29, 206]
7040.0 0.11664899257688228 0.7363636363636363 [11, 11, 0, 22, 1, 56, 1, 14, 0, 1, 23, 10, 108, 2, 272, 170, 35, 206]
5830.0 0.10324825986078887 0.7528089887640449 [7, 24, 5, 15, 5, 30, 0, 25, 0, 4, 35, 25, 135, 1, 224, 144, 29, 154]
10305.0 4017.4226812721613 0.11638137533886635 0.010224789604917909
epsilons: 100 max_epsilon: 0.01 attack_proportion: 0.2
11770.0 0.19519175729822552 0.7214076246334311 [37, 57, 0, 58, 4, 130, 8, 39, 9, 15, 96, 17, 214, 5, 430, 278, 73, 277]
8000.0 0.1958174904942966 0.7378640776699029 [19, 60, 6, 24, 8, 55, 1, 5, 0, 1, 31, 19, 119, 4, 303, 170, 35, 192]
8470.0 0.22982885085574573 0.6773049645390071 [37, 56, 1, 34, 20, 64, 4, 30, 9, 8, 36, 32, 95, 27, 348, 164, 34, 228]
9550.0 0.24390243902439024 0.73125 [20, 63, 0, 39, 6, 71, 10, 22, 6, 6, 46, 12, 165, 1, 360, 182, 40, 263]
8320.0 0.22611744084136723 0.751937984496124 [8, 22, 11, 30, 7, 36, 4, 6, 1, 2, 26, 21, 163, 1, 368, 161, 39, 235]
9400.0 0.21027667984189724 0.7368421052631579 [11, 76, 0, 32, 2, 72, 8, 22, 15, 5, 64, 11, 167, 2, 354, 201, 36, 187]
10990.0 0.2236842105263158 0.7983193277310925 [11, 33, 0, 52, 18, 64, 6, 27, 12, 30, 78, 14, 140, 3, 457, 232, 72, 347]
12600.0 0.18882257189365165 0.7586206896551724 [25, 63, 1, 56, 6, 128, 5, 53, 6, 13, 110, 10, 210, 1, 483, 295, 58, 320]
8720.0 0.21982414068745004 0.7454545454545455 [25, 39, 0, 30, 15, 88, 7, 24, 8, 12, 37, 19, 127, 5, 343, 197, 35, 240]
11000.0 0.21254801536491677 0.75 [22, 43, 1, 41, 7, 83, 7, 37, 12, 11, 84, 14, 160, 1, 421, 269, 58, 291]
9882.0 1519.801302802442 0.2146013596828257 0.01658269239005906
epsilons: 100 max_epsilon: 0.01 attack_proportion: 0.30000000000000004
8650.0 0.3019197207678883 0.7630057803468208 [41, 22, 0, 29, 15, 56, 1, 15, 1, 2, 36, 15, 124, 8, 366, 218, 29, 168]
3220.0 0.32972972972972975 0.6666666666666666 [0, 33, 0, 24, 0, 29, 0, 3, 0, 0, 28, 9, 46, 1, 191, 67, 11, 113]
16190.0 0.2710606721955478 0.7375201288244766 [50, 73, 1, 96, 18, 154, 8, 50, 5, 33, 143, 46, 236, 27, 599, 351, 78, 323]
9160.0 0.3197767145135566 0.7182044887780549 [21, 61, 0, 21, 12, 60, 7, 32, 4, 13, 33, 38, 98, 11, 348, 199, 51, 245]
8310.0 0.3236124176857949 0.6976744186046512 [4, 51, 6, 23, 2, 54, 2, 13, 1, 2, 22, 15, 120, 0, 324, 173, 27, 224]
7830.0 0.3110091743119266 0.7817109144542773 [12, 30, 16, 29, 2, 42, 4, 15, 2, 0, 20, 10, 102, 0, 349, 183, 31, 243]
8900.0 0.2883834281072299 0.723943661971831 [34, 26, 0, 45, 9, 95, 4, 23, 3, 2, 58, 20, 165, 10, 312, 192, 30, 203]
8640.0 0.30247933884297523 0.7568306010928961 [11, 60, 16, 41, 3, 43, 1, 23, 1, 5, 35, 12, 171, 2, 354, 214, 36, 182]
11450.0 0.27182190978324544 0.7155172413793104 [25, 37, 0, 55, 11, 183, 9, 42, 10, 14, 90, 19, 130, 2, 438, 255, 53, 334]
16720.0 0.3179684165599659 0.7208053691275168 [64, 76, 1, 62, 20, 157, 11, 45, 9, 24, 144, 39, 258, 15, 660, 324, 97, 337]
9907.0 3802.783322778199 0.303776152249786 0.019774379494161325
epsilons: 100 max_epsilon: 0.01 attack_proportion: 0.4
10210.0 0.361731843575419 0.749034749034749 [5, 59, 1, 40, 10, 58, 25, 16, 2, 9, 68, 11, 170, 1, 391, 239, 53, 274]
8910.0 0.36524537409493163 0.6607929515418502 [17, 54, 6, 36, 7, 81, 5, 17, 1, 4, 54, 28, 170, 1, 337, 219, 31, 175]
8590.0 0.37889688249400477 0.7151898734177216 [41, 48, 9, 38, 12, 80, 5, 16, 5, 1, 53, 14, 108, 3, 336, 226, 33, 223]
10370.0 0.3516483516483517 0.73046875 [31, 55, 0, 73, 8, 58, 2, 14, 2, 4, 54, 15, 147, 0, 433, 238, 51, 271]
6630.0 0.4322381930184805 0.7410926365795725 [13, 50, 0, 19, 1, 59, 7, 13, 5, 0, 28, 8, 103, 2, 288, 138, 27, 213]
5800.0 0.3961187214611872 0.7694524495677233 [11, 14, 5, 18, 2, 21, 1, 26, 0, 0, 29, 22, 114, 1, 261, 138, 17, 196]
8250.0 0.35579293344289237 0.7228637413394919 [22, 20, 11, 27, 11, 78, 8, 31, 5, 6, 45, 25, 161, 6, 306, 211, 39, 205]
11290.0 0.3669402110199297 0.6916932907348243 [38, 67, 2, 58, 13, 147, 3, 32, 4, 16, 81, 18, 188, 8, 437, 257, 70, 267]
6810.0 0.41118421052631576 0.752 [38, 9, 0, 25, 2, 31, 0, 6, 1, 0, 27, 10, 132, 1, 320, 132, 18, 160]
8170.0 0.3930735930735931 0.7422907488986784 [14, 84, 8, 24, 2, 39, 6, 16, 2, 3, 47, 17, 136, 3, 333, 186, 27, 208]
8503.0 1679.1548469393763 0.38128703143551057 0.024956860441502166
epsilons: 100 max_epsilon: 0.01 attack_proportion: 0.5
6540.0 0.45041322314049587 0.7270642201834863 [12, 33, 0, 18, 4, 49, 0, 11, 0, 1, 37, 14, 174, 0, 294, 165, 36, 120]
7860.0 0.48518204911092294 0.7347294938917975 [24, 32, 2, 29, 7, 66, 7, 23, 0, 0, 30, 26, 106, 1, 371, 204, 30, 223]
11080.0 0.4490943160524672 0.7148817802503477 [33, 44, 1, 28, 6, 113, 13, 38, 3, 19, 110, 14, 164, 3, 423, 251, 60, 278]
14490.0 0.491353001017294 0.7329192546583851 [40, 45, 3, 50, 22, 137, 11, 58, 9, 12, 109, 47, 174, 6, 589, 314, 57, 283]
7320.0 0.5066666666666667 0.7218045112781954 [23, 11, 1, 22, 4, 51, 11, 32, 4, 4, 35, 37, 103, 8, 302, 166, 33, 203]
8330.0 0.4370689655172414 0.7416173570019724 [17, 30, 1, 31, 3, 75, 3, 16, 2, 5, 36, 21, 161, 2, 303, 209, 37, 208]
8300.0 0.483704974271012 0.6968085106382979 [10, 47, 10, 32, 3, 44, 2, 17, 7, 3, 44, 17, 149, 1, 324, 222, 35, 199]
8070.0 0.4796010879419764 0.7069943289224953 [11, 16, 2, 34, 13, 41, 3, 9, 0, 1, 47, 28, 104, 4, 396, 180, 27, 187]
13780.0 0.48162162162162164 0.7351290684624018 [45, 80, 2, 43, 16, 128, 11, 47, 5, 22, 126, 27, 201, 4, 481, 301, 63, 248]
12030.0 0.47097546379413524 0.7369758576874206 [39, 45, 0, 28, 26, 99, 9, 26, 5, 5, 61, 21, 216, 6, 494, 287, 60, 244]
9780.0 2690.524112510423 0.47356813691338323 0.020554165055044798
epsilons: 100 max_epsilon: 0.01 attack_proportion: 0.6000000000000001
9400.0 0.6 0.7041499330655957 [17, 70, 1, 30, 2, 54, 7, 36, 5, 4, 53, 12, 110, 2, 338, 225, 49, 230]
14460.0 0.5830315571650284 0.7151730257320319 [61, 71, 3, 56, 18, 105, 4, 33, 6, 17, 101, 35, 160, 9, 535, 265, 69, 385]
8030.0 0.5293602103418055 0.7086092715231788 [9, 18, 3, 42, 3, 81, 4, 19, 2, 10, 40, 15, 173, 0, 326, 174, 34, 188]
8710.0 0.581081081081081 0.7252906976744186 [20, 25, 5, 28, 12, 39, 2, 13, 2, 4, 35, 20, 142, 2, 414, 210, 38, 173]
9530.0 0.6248025276461295 0.7142857142857143 [32, 33, 0, 26, 11, 61, 13, 30, 6, 5, 72, 16, 104, 11, 380, 194, 35, 237]
14780.0 0.5445829338446788 0.7112676056338029 [78, 66, 9, 54, 13, 150, 7, 37, 4, 25, 150, 18, 217, 3, 546, 293, 70, 346]
6720.0 0.554968287526427 0.7123809523809523 [17, 22, 0, 21, 5, 41, 2, 11, 0, 0, 23, 13, 160, 1, 280, 184, 31, 135]
13110.0 0.5831017231795442 0.7149666348903718 [40, 52, 14, 39, 28, 137, 15, 48, 3, 7, 107, 36, 193, 6, 478, 291, 56, 249]
7310.0 0.6436893203883495 0.6726998491704375 [28, 34, 2, 31, 17, 43, 24, 18, 3, 5, 27, 42, 84, 7, 316, 163, 25, 161]
8510.0 0.5215146299483648 0.6864686468646864 [15, 37, 14, 40, 1, 36, 0, 12, 2, 4, 31, 18, 176, 0, 322, 200, 37, 217]
10056.0 2805.7305643985133 0.5766132271121409 0.03772897491586115
epsilons: 100 max_epsilon: 0.01 attack_proportion: 0.7000000000000001
11770.0 0.6786600496277916 0.706581352833638 [54, 73, 2, 33, 20, 76, 9, 20, 7, 10, 77, 21, 228, 5, 438, 282, 46, 211]
14320.0 0.6282508924018358 0.7069805194805194 [39, 115, 1, 76, 11, 135, 6, 35, 3, 14, 117, 33, 173, 5, 548, 311, 56, 283]
8750.0 0.6866283839212469 0.7060931899641577 [26, 34, 7, 33, 15, 56, 6, 26, 7, 4, 63, 28, 99, 6, 344, 210, 26, 229]
15850.0 0.6669789227166276 0.711376404494382 [63, 53, 3, 43, 9, 131, 13, 40, 9, 27, 137, 41, 211, 27, 614, 334, 71, 309]
8460.0 0.6540404040404041 0.7001287001287001 [29, 60, 6, 30, 5, 35, 2, 8, 0, 1, 20, 24, 144, 3, 371, 215, 33, 202]
7620.0 0.705078125 0.685595567867036 [9, 15, 20, 24, 9, 43, 0, 10, 1, 3, 24, 17, 102, 4, 326, 160, 36, 221]
11290.0 0.6483312731767614 0.7225929456625357 [34, 79, 1, 31, 14, 92, 8, 30, 5, 11, 62, 17, 167, 2, 470, 274, 52, 269]
3090.0 0.7075471698113207 0.6933333333333334 [2, 14, 4, 2, 0, 20, 0, 10, 0, 0, 6, 17, 54, 2, 146, 79, 11, 163]
8160.0 0.7517802644964394 0.6792963464140731 [26, 6, 0, 17, 8, 56, 10, 20, 2, 3, 31, 25, 76, 9, 275, 176, 36, 207]
7490.0 0.7167798254122212 0.7050067658998647 [16, 10, 0, 19, 14, 31, 12, 5, 2, 2, 21, 17, 159, 2, 359, 167, 33, 162]
9680.0 3516.9617569714915 0.6844075310604648 0.03502672687876465
epsilons: 100 max_epsilon: 0.01 attack_proportion: 0.8
3480.0 0.7671009771986971 0.7070063694267515 [1, 53, 0, 13, 0, 22, 0, 7, 0, 2, 12, 4, 56, 2, 173, 88, 12, 169]
7790.0 0.7582720588235294 0.7078787878787879 [11, 17, 0, 30, 24, 30, 0, 16, 2, 1, 33, 23, 140, 2, 326, 191, 30, 212]
8700.0 0.8019639934533551 0.7204081632653061 [14, 28, 0, 29, 17, 54, 5, 22, 2, 3, 59, 23, 111, 6, 394, 228, 36, 191]
13870.0 0.7470960929250264 0.7356890459363957 [48, 40, 1, 54, 11, 110, 12, 42, 2, 12, 118, 46, 202, 1, 513, 265, 66, 351]
11650.0 0.7189582071471835 0.6899747262005055 [35, 54, 1, 42, 3, 81, 8, 50, 7, 5, 105, 19, 190, 9, 430, 292, 64, 256]
5480.0 0.7425860023724793 0.7124600638977636 [7, 35, 0, 17, 3, 28, 1, 18, 0, 0, 30, 33, 104, 1, 263, 118, 12, 173]
3590.0 0.7944535073409462 0.7145790554414785 [6, 11, 0, 5, 2, 15, 1, 19, 0, 2, 12, 6, 57, 7, 190, 100, 11, 169]
6380.0 0.8069039913700108 0.7125668449197861 [35, 16, 1, 14, 0, 40, 3, 14, 0, 2, 31, 11, 93, 1, 288, 191, 20, 167]
8990.0 0.7980049875311721 0.6760416666666667 [11, 33, 13, 24, 7, 61, 1, 16, 0, 1, 24, 29, 130, 6, 386, 227, 39, 195]
5400.0 0.7684085510688836 0.7217928902627512 [9, 63, 17, 24, 5, 21, 0, 11, 0, 0, 26, 9, 74, 2, 280, 142, 22, 137]
7533.0 3205.0898583347084 0.7703748369231285 0.0279182955554624
epsilons: 100 max_epsilon: 0.01 attack_proportion: 0.9
3160.0 0.8678571428571429 0.6975308641975309 [7, 8, 0, 15, 2, 19, 2, 13, 0, 0, 14, 10, 63, 1, 168, 88, 8, 142]
5490.0 0.8593939393939394 0.7291960507757405 [7, 14, 6, 15, 2, 26, 0, 17, 0, 0, 28, 8, 97, 1, 249, 141, 18, 196]
7660.0 0.8840579710144928 0.7103825136612022 [5, 25, 12, 30, 4, 37, 0, 10, 1, 5, 21, 10, 117, 1, 344, 181, 26, 206]
16160.0 0.8568252556691863 0.6689154125583809 [70, 104, 2, 43, 11, 126, 5, 44, 4, 18, 156, 31, 266, 2, 619, 370, 77, 301]
8580.0 0.8849706129303107 0.6850094876660342 [22, 60, 15, 34, 8, 54, 2, 8, 4, 2, 59, 16, 125, 0, 364, 200, 40, 178]
11910.0 0.8856635071090048 0.7063545150501672 [19, 48, 0, 65, 12, 86, 6, 32, 8, 10, 117, 14, 184, 2, 467, 319, 42, 257]
11880.0 0.8661710037174721 0.6888412017167382 [33, 43, 2, 32, 13, 77, 9, 32, 2, 7, 75, 27, 225, 3, 462, 304, 53, 215]
8610.0 0.8756345177664975 0.7236714975845411 [14, 21, 0, 41, 14, 54, 2, 11, 0, 3, 35, 16, 160, 12, 362, 221, 28, 188]
5690.0 0.9054545454545454 0.6961178045515395 [15, 7, 1, 7, 7, 28, 1, 20, 0, 5, 17, 19, 82, 4, 273, 119, 22, 198]
8730.0 0.8894080996884736 0.7092819614711033 [37, 40, 1, 22, 14, 98, 4, 26, 5, 2, 74, 17, 111, 4, 356, 250, 31, 192]
8787.0 3565.854876463707 0.8775436595601065 0.0143832737452732
epsilons: 100 max_epsilon: 0.01 attack_proportion: 1.0
12380.0 1.0 0.6948275862068966 [28, 39, 0, 42, 9, 58, 4, 23, 2, 4, 111, 27, 191, 6, 499, 344, 59, 294]
8650.0 1.0 0.7014802631578947 [35, 16, 0, 31, 9, 64, 3, 18, 4, 4, 52, 13, 158, 0, 356, 232, 35, 186]
4210.0 1.0 0.6944858420268256 [6, 24, 6, 12, 6, 40, 1, 10, 1, 0, 25, 6, 48, 6, 212, 123, 15, 130]
8670.0 1.0 0.7190916736753574 [15, 29, 6, 44, 3, 43, 2, 8, 2, 2, 43, 31, 154, 3, 351, 204, 34, 215]
8160.0 1.0 0.7274453941120608 [14, 37, 0, 23, 5, 55, 0, 7, 0, 4, 25, 6, 146, 2, 343, 230, 26, 130]
7010.0 1.0 0.7005291005291006 [12, 50, 0, 22, 3, 35, 1, 3, 0, 5, 25, 11, 135, 1, 329, 154, 27, 132]
15300.0 1.0 0.7018325903912828 [72, 55, 0, 46, 27, 89, 5, 37, 3, 10, 103, 21, 177, 5, 610, 359, 53, 347]
7710.0 1.0 0.6818613485280152 [19, 24, 1, 24, 25, 42, 3, 14, 1, 4, 31, 27, 100, 6, 328, 178, 38, 188]
8110.0 1.0 0.6973344797936372 [17, 25, 11, 30, 6, 40, 2, 18, 4, 10, 50, 20, 135, 2, 322, 234, 39, 198]
8500.0 1.0 0.7051495016611296 [18, 43, 0, 40, 15, 81, 3, 18, 3, 5, 23, 12, 130, 6, 362, 211, 32, 202]
8870.0 2854.6943794388917 1.0 0.0
[10305.0, 9882.0, 9907.0, 8503.0, 9780.0, 10056.0, 9680.0, 7533.0, 8787.0, 8870.0]
[4017.4226812721613, 1519.801302802442, 3802.783322778199, 1679.1548469393763, 2690.524112510423, 2805.7305643985133, 3516.9617569714915, 3205.0898583347084, 3565.854876463707, 2854.6943794388917]
[0.11638137533886635, 0.2146013596828257, 0.303776152249786, 0.38128703143551057, 0.47356813691338323, 0.5766132271121409, 0.6844075310604648, 0.7703748369231285, 0.8775436595601065, 1.0]
[0.010224789604917909, 0.01658269239005906, 0.019774379494161325, 0.024956860441502166, 0.020554165055044798, 0.03772897491586115, 0.03502672687876465, 0.0279182955554624, 0.0143832737452732, 0.0]
Process 77272 detected
