pygame 1.9.6
Hello from the pygame community. https://www.pygame.org/contribute.html

WARNING: The TensorFlow contrib module will not be included in TensorFlow 2.0.
For more information, please see:
  * https://github.com/tensorflow/community/blob/master/rfcs/20180907-contrib-sunset.md
  * https://github.com/tensorflow/addons
If you depend on functionality not listed there, please file an issue.

Loading pretrained/dqn/Seaquest/1/tf_checkpoints/tf_ckpt-199
Online/Conv/weights:0 (8, 8, 4, 32)  
Online/Conv/biases:0 (32,)          
Online/Conv_1/weights:0 (4, 4, 32, 64) 
Online/Conv_1/biases:0 (64,)          
Online/Conv_2/weights:0 (3, 3, 64, 64) 
Online/Conv_2/biases:0 (64,)          
Online/fully_connected/weights:0 (7744, 512)    
Online/fully_connected/biases:0 (512,)         
Online/fully_connected_1/weights:0 (512, 18)      
Online/fully_connected_1/biases:0 (18,)          
Target/Conv/weights:0 (8, 8, 4, 32)  
Target/Conv/biases:0 (32,)          
Target/Conv_1/weights:0 (4, 4, 32, 64) 
Target/Conv_1/biases:0 (64,)          
Target/Conv_2/weights:0 (3, 3, 64, 64) 
Target/Conv_2/biases:0 (64,)          
Target/fully_connected/weights:0 (7744, 512)    
Target/fully_connected/biases:0 (512,)         
Target/fully_connected_1/weights:0 (512, 18)      
Target/fully_connected_1/biases:0 (18,)          
Loading pretrained/dqn/Seaquest/5/tf_checkpoints/tf_ckpt-199
Online/Conv/weights:0 (8, 8, 4, 32)  
Online/Conv/biases:0 (32,)          
Online/Conv_1/weights:0 (4, 4, 32, 64) 
Online/Conv_1/biases:0 (64,)          
Online/Conv_2/weights:0 (3, 3, 64, 64) 
Online/Conv_2/biases:0 (64,)          
Online/fully_connected/weights:0 (7744, 512)    
Online/fully_connected/biases:0 (512,)         
Online/fully_connected_1/weights:0 (512, 18)      
Online/fully_connected_1/biases:0 (18,)          
Target/Conv/weights:0 (8, 8, 4, 32)  
Target/Conv/biases:0 (32,)          
Target/Conv_1/weights:0 (4, 4, 32, 64) 
Target/Conv_1/biases:0 (64,)          
Target/Conv_2/weights:0 (3, 3, 64, 64) 
Target/Conv_2/biases:0 (64,)          
Target/fully_connected/weights:0 (7744, 512)    
Target/fully_connected/biases:0 (512,)         
Target/fully_connected_1/weights:0 (512, 18)      
Target/fully_connected_1/biases:0 (18,)          
Performing blockbox attack (perturbation is computed by source model)
attacker_policy: attack_large_value
targetted: False visualize: False decreasing_epsilons: True
epsilons: 100 max_epsilons: [0.01] attack_proportions: [0.1 0.2 0.3 0.4 0.5 0.6 0.7 0.8 0.9 1. ]
epsilons: 100 max_epsilon: 0.01 attack_proportion: 0.1
1700.0 0.48535980148883373 0.7627811860940695 [11, 26, 6, 26, 164, 538, 125, 0, 1, 64, 351, 61, 134, 310, 45, 125, 16, 12]
1220.0 0.4418604651162791 0.766531713900135 [12, 10, 2, 6, 179, 491, 132, 0, 2, 52, 218, 40, 104, 267, 59, 90, 6, 7]
680.0 0.555333998005982 0.7845601436265709 [2, 17, 2, 3, 131, 297, 99, 0, 1, 36, 126, 18, 84, 114, 31, 33, 8, 1]
1020.0 0.4628975265017668 0.7587786259541984 [0, 5, 21, 5, 168, 291, 87, 0, 3, 44, 327, 28, 95, 268, 26, 33, 4, 10]
1460.0 0.39900249376558605 0.7515625 [9, 17, 1, 19, 123, 388, 111, 0, 1, 50, 255, 50, 122, 281, 42, 109, 13, 13]
1400.0 0.4339943342776204 0.783289817232376 [6, 17, 22, 10, 195, 390, 137, 1, 1, 52, 286, 49, 121, 310, 42, 93, 8, 25]
1460.0 0.4737152982870644 0.7618453865336658 [10, 8, 3, 5, 145, 484, 144, 0, 3, 75, 288, 15, 167, 219, 45, 60, 15, 7]
1440.0 0.46520989074180563 0.7441285537700866 [14, 22, 10, 22, 113, 404, 100, 0, 0, 63, 287, 47, 120, 344, 66, 107, 9, 11]
1380.0 0.3727882855399634 0.7594108019639935 [26, 23, 4, 18, 140, 427, 106, 1, 0, 32, 253, 61, 88, 290, 39, 113, 8, 10]
1680.0 0.4981607987388334 0.7668776371308017 [14, 13, 2, 10, 204, 522, 152, 1, 1, 92, 349, 19, 142, 218, 56, 81, 15, 12]
1344.0 290.0758521490543 0.45883228924637354 0.04871331039204109
epsilons: 100 max_epsilon: 0.01 attack_proportion: 0.2
260.0 0.6231343283582089 0.7754491017964071 [1, 7, 12, 6, 28, 213, 28, 0, 1, 10, 68, 6, 40, 78, 9, 26, 3, 0]
1000.0 0.6238130021913806 0.7201405152224825 [5, 22, 1, 3, 145, 419, 120, 0, 1, 29, 229, 32, 99, 167, 27, 53, 10, 7]
1200.0 0.6590909090909091 0.7535496957403651 [7, 8, 5, 9, 155, 379, 151, 0, 2, 40, 240, 19, 118, 229, 35, 79, 12, 8]
1520.0 0.7136729222520107 0.763335837716003 [0, 4, 20, 10, 204, 451, 160, 0, 8, 62, 336, 36, 130, 329, 48, 51, 6, 10]
480.0 0.7281323877068558 0.797077922077922 [2, 0, 7, 10, 65, 307, 51, 0, 4, 15, 110, 11, 57, 142, 23, 35, 4, 3]
1400.0 0.761118170266836 0.7729549248747913 [4, 9, 2, 10, 100, 521, 157, 1, 0, 26, 230, 16, 152, 218, 39, 72, 11, 6]
620.0 0.6200185356811863 0.7473841554559043 [0, 2, 6, 6, 143, 274, 48, 1, 9, 7, 243, 22, 44, 219, 17, 23, 4, 11]
1780.0 0.6930301532377657 0.7724679029957204 [4, 16, 15, 4, 185, 564, 196, 0, 0, 44, 362, 40, 112, 340, 48, 61, 15, 17]
960.0 0.6683760683760683 0.7608695652173914 [3, 8, 3, 7, 101, 424, 123, 2, 9, 47, 157, 7, 83, 114, 24, 52, 3, 3]
1040.0 0.6367137355584083 0.7631048387096774 [2, 17, 2, 5, 179, 475, 140, 0, 2, 81, 237, 15, 91, 201, 43, 63, 0, 5]
1026.0 451.4022596310302 0.672710021271963 0.047014426441079324
epsilons: 100 max_epsilon: 0.01 attack_proportion: 0.30000000000000004
1120.0 0.8097251585623678 0.7502175805047868 [3, 8, 27, 17, 107, 321, 109, 1, 3, 28, 282, 17, 99, 266, 22, 65, 19, 25]
400.0 0.765142150803461 0.7560581583198708 [3, 13, 0, 5, 66, 229, 34, 0, 1, 7, 153, 19, 48, 183, 15, 29, 0, 4]
1580.0 0.6606060606060606 0.7547956630525438 [16, 12, 17, 11, 123, 431, 123, 0, 1, 51, 296, 48, 120, 362, 53, 113, 18, 20]
1160.0 0.8351648351648352 0.7919407894736842 [2, 5, 5, 10, 184, 428, 147, 5, 0, 43, 234, 19, 93, 191, 33, 53, 1, 3]
1020.0 0.703125 0.7363636363636363 [7, 17, 6, 23, 100, 303, 97, 0, 0, 37, 201, 60, 97, 284, 38, 111, 13, 14]
1440.0 0.7043335161821174 0.7655763239875389 [41, 31, 8, 6, 114, 484, 140, 2, 0, 50, 243, 60, 127, 333, 48, 113, 14, 9]
1360.0 0.7936210131332082 0.7588652482269503 [2, 6, 3, 8, 125, 465, 153, 0, 2, 47, 322, 13, 124, 229, 37, 55, 1, 7]
780.0 0.8078108941418294 0.811704834605598 [0, 2, 1, 9, 105, 274, 58, 1, 2, 18, 213, 14, 56, 161, 15, 30, 0, 14]
1240.0 0.8055229142185664 0.7629467541940189 [4, 11, 45, 16, 131, 403, 102, 0, 0, 38, 339, 38, 95, 337, 29, 59, 13, 42]
1180.0 0.745269286754003 0.7822265625 [5, 12, 3, 4, 114, 490, 145, 0, 1, 50, 197, 8, 115, 138, 25, 53, 12, 2]
1128.0 321.645767887594 0.7630320829566448 0.05474953175330291
epsilons: 100 max_epsilon: 0.01 attack_proportion: 0.4
1280.0 0.9333333333333333 0.7864357864357865 [5, 2, 2, 1, 120, 443, 138, 0, 0, 34, 268, 15, 132, 228, 52, 41, 1, 3]
1520.0 0.7468354430379747 0.735593220338983 [18, 25, 8, 21, 228, 405, 132, 0, 2, 59, 283, 79, 125, 377, 61, 117, 29, 6]
980.0 0.6836808051761323 0.7560462670872765 [22, 24, 1, 12, 102, 301, 56, 1, 1, 29, 240, 65, 80, 314, 36, 82, 11, 14]
1380.0 0.8055376690276883 0.7793764988009593 [1, 7, 5, 8, 150, 506, 138, 0, 6, 70, 240, 11, 109, 172, 63, 60, 5, 2]
1560.0 0.8788368336025848 0.7457107843137255 [2, 17, 2, 6, 226, 507, 198, 4, 2, 81, 282, 35, 134, 244, 43, 58, 4, 12]
760.0 0.833922261484099 0.7245762711864406 [5, 15, 1, 6, 114, 356, 97, 0, 0, 45, 145, 17, 83, 162, 48, 29, 8, 1]
1640.0 0.8611579539066891 0.7663185378590078 [10, 8, 1, 5, 186, 575, 192, 0, 0, 62, 256, 13, 125, 203, 45, 83, 13, 2]
1020.0 0.9111635220125787 0.7463330457290768 [1, 3, 7, 6, 122, 403, 118, 0, 0, 51, 191, 5, 93, 175, 41, 55, 1, 0]
1420.0 0.882122905027933 0.7561747941735275 [0, 15, 6, 12, 237, 509, 145, 0, 2, 65, 253, 30, 105, 274, 44, 78, 5, 10]
1760.0 0.8446652719665272 0.76656346749226 [2, 12, 2, 6, 158, 507, 174, 0, 0, 73, 373, 30, 109, 332, 49, 74, 3, 8]
1332.0 304.3944808960898 0.8381255998575542 0.07199458540163825
epsilons: 100 max_epsilon: 0.01 attack_proportion: 0.5
1240.0 0.8819584171696848 0.7612167300380228 [3, 10, 2, 13, 125, 493, 161, 0, 2, 63, 230, 9, 140, 125, 48, 53, 9, 5]
460.0 0.7665816326530612 0.757071547420965 [8, 13, 2, 7, 53, 219, 25, 0, 1, 10, 109, 22, 62, 155, 10, 77, 4, 7]
340.0 0.7785016286644951 0.7907949790794979 [4, 0, 1, 4, 36, 250, 37, 0, 0, 5, 106, 3, 44, 71, 16, 26, 3, 8]
1540.0 0.9499209277807064 0.7680355160932297 [15, 10, 3, 16, 172, 570, 184, 0, 0, 77, 224, 20, 120, 302, 49, 109, 18, 8]
1200.0 0.926984126984127 0.7821917808219178 [1, 9, 4, 9, 156, 406, 116, 0, 0, 68, 316, 27, 120, 225, 43, 51, 7, 17]
1320.0 0.8236009732360098 0.7799113737075333 [6, 9, 5, 5, 203, 560, 155, 0, 0, 59, 207, 9, 115, 184, 63, 54, 8, 2]
860.0 0.8833841463414634 0.7825711820534944 [5, 6, 2, 7, 96, 311, 56, 0, 2, 23, 217, 24, 90, 311, 41, 102, 13, 6]
1260.0 0.9111257406188282 0.7767341040462428 [2, 6, 0, 16, 128, 430, 145, 0, 1, 62, 261, 24, 74, 274, 26, 61, 1, 8]
1540.0 0.8778813143697891 0.7815642458100559 [19, 9, 3, 6, 243, 507, 177, 3, 0, 60, 312, 45, 153, 336, 34, 110, 16, 6]
1100.0 0.9286764705882353 0.7695961995249406 [5, 17, 0, 6, 109, 428, 143, 0, 2, 60, 213, 18, 113, 156, 22, 60, 3, 5]
1086.0 391.617159991745 0.8728615378406399 0.06024230304077707
epsilons: 100 max_epsilon: 0.01 attack_proportion: 0.6000000000000001
1840.0 0.9303607214428857 0.7819063004846527 [9, 16, 4, 7, 119, 569, 205, 0, 1, 78, 271, 37, 153, 337, 51, 133, 2, 4]
900.0 0.9134615384615384 0.7492822966507177 [2, 15, 5, 3, 118, 348, 103, 0, 1, 56, 170, 9, 92, 136, 38, 42, 3, 3]
1420.0 0.9689791314156796 0.7828870779976718 [11, 7, 0, 6, 126, 533, 156, 0, 1, 64, 250, 16, 146, 275, 54, 101, 18, 9]
900.0 0.960252935862692 0.7554092191909689 [6, 8, 3, 4, 78, 352, 102, 0, 2, 36, 167, 14, 88, 164, 27, 50, 0, 6]
1180.0 0.8247619047619048 0.7482678983833718 [5, 26, 3, 15, 157, 347, 119, 0, 0, 48, 215, 78, 109, 281, 40, 108, 16, 8]
1160.0 0.9601921757035004 0.7698355968548963 [4, 6, 2, 9, 141, 483, 157, 0, 9, 51, 171, 2, 128, 178, 38, 74, 0, 4]
1540.0 0.8511652542372882 0.7741132545115121 [5, 9, 36, 9, 226, 395, 146, 2, 3, 35, 348, 43, 155, 323, 49, 71, 13, 20]
1220.0 0.8650949574328749 0.7607872823618471 [17, 29, 4, 18, 101, 366, 97, 0, 1, 26, 234, 64, 110, 308, 31, 98, 13, 10]
860.0 0.9289145052833814 0.766287487073423 [1, 5, 2, 3, 55, 365, 105, 0, 10, 44, 166, 10, 86, 118, 12, 54, 3, 2]
1120.0 0.9646799116997793 0.7818459191456903 [4, 15, 1, 8, 107, 454, 132, 0, 3, 57, 204, 8, 117, 152, 36, 40, 17, 4]
1214.0 295.97972903562163 0.9167863036301525 0.04957855015443246
epsilons: 100 max_epsilon: 0.01 attack_proportion: 0.7000000000000001
760.0 0.9684813753581661 0.7564102564102564 [5, 1, 13, 9, 90, 304, 78, 0, 0, 20, 172, 22, 90, 156, 24, 47, 1, 15]
1020.0 0.9740585774058578 0.7577319587628866 [3, 14, 0, 9, 110, 393, 121, 0, 2, 26, 169, 2, 110, 130, 29, 61, 15, 1]
800.0 0.9112244897959184 0.780515117581187 [3, 6, 0, 4, 64, 372, 93, 2, 2, 16, 135, 3, 86, 114, 26, 40, 14, 0]
1360.0 0.884256719692814 0.7710918114143921 [19, 22, 10, 17, 155, 361, 82, 0, 0, 76, 297, 53, 109, 424, 64, 107, 19, 8]
300.0 0.8566666666666667 0.8132295719844358 [3, 0, 4, 3, 73, 246, 23, 0, 0, 4, 75, 5, 42, 76, 18, 28, 0, 0]
1380.0 0.8972972972972973 0.749665327978581 [10, 9, 12, 26, 146, 362, 114, 1, 5, 28, 272, 45, 100, 362, 35, 105, 11, 22]
1360.0 0.940149625935162 0.7944297082228117 [0, 16, 6, 10, 147, 394, 136, 1, 0, 31, 301, 43, 97, 335, 24, 58, 2, 3]
1000.0 0.8152408339324227 0.7857142857142857 [29, 21, 2, 14, 102, 318, 51, 2, 3, 41, 202, 60, 93, 295, 36, 94, 18, 10]
1160.0 0.9724238026124818 0.767910447761194 [19, 18, 4, 3, 117, 437, 128, 0, 1, 67, 213, 15, 108, 153, 41, 38, 12, 4]
500.0 0.9345372460496614 0.7741545893719807 [3, 21, 4, 4, 109, 290, 46, 0, 4, 13, 135, 7, 62, 118, 26, 34, 2, 8]
964.0 354.1525095209689 0.9154336634746448 0.05028464143879028
epsilons: 100 max_epsilon: 0.01 attack_proportion: 0.8
1180.0 0.9837345478204295 0.7506613756613757 [5, 16, 8, 7, 156, 464, 131, 0, 0, 79, 212, 13, 109, 195, 56, 74, 9, 3]
1840.0 0.9211798839458414 0.763254593175853 [55, 19, 8, 11, 176, 500, 188, 0, 0, 56, 325, 54, 114, 356, 46, 131, 17, 12]
1260.0 0.9770510613884108 0.7756899588960657 [4, 2, 36, 7, 120, 450, 106, 0, 1, 34, 370, 46, 91, 355, 34, 57, 8, 22]
1500.0 0.986159169550173 0.7654970760233918 [11, 23, 3, 5, 98, 563, 186, 0, 2, 69, 281, 20, 102, 235, 37, 95, 0, 4]
1200.0 0.8775086505190312 0.7531545741324921 [7, 24, 1, 34, 118, 301, 110, 1, 2, 35, 215, 55, 103, 277, 24, 110, 17, 11]
1000.0 0.9602543720190779 0.7880794701986755 [0, 10, 3, 8, 91, 362, 83, 0, 7, 38, 236, 30, 65, 256, 36, 32, 1, 0]
860.0 0.978595890410959 0.7567804024496938 [2, 3, 2, 4, 157, 325, 113, 0, 11, 64, 149, 13, 94, 167, 24, 39, 0, 1]
1120.0 0.982078853046595 0.7875912408759124 [16, 9, 2, 11, 94, 390, 118, 0, 1, 60, 185, 26, 71, 263, 21, 108, 15, 5]
940.0 0.9661458333333334 0.7672955974842768 [0, 9, 11, 5, 91, 374, 103, 0, 11, 57, 223, 10, 63, 136, 20, 31, 4, 4]
600.0 0.9740663900414938 0.7614483493077743 [1, 2, 0, 4, 96, 327, 86, 0, 12, 20, 136, 13, 67, 114, 18, 48, 4, 16]
1150.0 326.83329083800504 0.9606774652075345 0.03303723105551669
epsilons: 100 max_epsilon: 0.01 attack_proportion: 0.9
800.0 0.9765625 0.777 [8, 12, 11, 5, 66, 341, 93, 0, 0, 29, 142, 14, 104, 126, 21, 38, 6, 8]
1220.0 0.9839009287925696 0.7589679043423537 [7, 17, 3, 8, 106, 438, 134, 0, 1, 49, 304, 43, 128, 264, 38, 57, 5, 13]
240.0 0.9259259259259259 0.772 [8, 8, 0, 4, 48, 239, 21, 0, 4, 2, 63, 2, 46, 51, 10, 26, 5, 3]
1360.0 0.9584055459272097 0.7757685352622061 [1, 17, 43, 5, 140, 409, 140, 0, 1, 69, 376, 37, 69, 318, 25, 63, 5, 13]
1060.0 0.9813988095238095 0.7391963608794542 [5, 10, 3, 11, 123, 431, 146, 0, 2, 53, 197, 12, 118, 114, 36, 65, 13, 5]
1120.0 0.9834546657842489 0.7604306864064603 [1, 20, 3, 6, 149, 416, 108, 0, 11, 32, 249, 23, 86, 292, 39, 61, 2, 13]
1220.0 0.9772403982930299 0.8020378457059679 [9, 17, 1, 3, 91, 464, 115, 0, 2, 59, 233, 5, 91, 196, 42, 72, 3, 3]
1320.0 0.9848005066497784 0.7954983922829582 [3, 17, 7, 6, 180, 504, 162, 0, 2, 44, 212, 17, 119, 191, 48, 52, 11, 4]
1060.0 0.9811023622047244 0.7897271268057785 [3, 15, 1, 7, 81, 415, 93, 0, 0, 24, 235, 22, 88, 205, 29, 46, 3, 3]
760.0 0.9806918744971842 0.7735849056603774 [1, 8, 6, 4, 177, 338, 81, 0, 1, 49, 205, 22, 78, 208, 32, 23, 5, 5]
1016.0 319.84996482726086 0.9733483517598481 0.01738148694573778
epsilons: 100 max_epsilon: 0.01 attack_proportion: 1.0
720.0 1.0 0.7618048268625394 [0, 11, 4, 12, 61, 314, 60, 0, 2, 41, 172, 13, 77, 125, 30, 28, 3, 0]
1180.0 1.0 0.770893371757925 [7, 8, 3, 5, 152, 437, 150, 0, 0, 54, 203, 27, 92, 147, 31, 69, 2, 1]
1280.0 1.0 0.7738471257106759 [3, 7, 2, 13, 217, 462, 171, 0, 1, 85, 215, 29, 91, 186, 38, 58, 1, 4]
980.0 1.0 0.7916666666666666 [8, 20, 1, 5, 91, 357, 65, 1, 0, 27, 206, 26, 87, 270, 18, 82, 6, 2]
540.0 1.0 0.7546728971962616 [6, 8, 3, 11, 69, 265, 58, 0, 1, 42, 149, 10, 48, 138, 12, 26, 3, 7]
1420.0 1.0 0.7794840294840295 [20, 12, 3, 14, 137, 462, 169, 0, 1, 37, 224, 29, 135, 252, 34, 95, 0, 4]
1080.0 1.0 0.7650316455696202 [3, 8, 3, 6, 85, 427, 104, 0, 1, 56, 188, 16, 99, 168, 31, 65, 3, 1]
1300.0 1.0 0.7760617760617761 [1, 18, 28, 9, 205, 352, 134, 0, 1, 61, 384, 35, 102, 355, 55, 47, 5, 21]
480.0 1.0 0.7845659163987139 [1, 14, 27, 3, 58, 147, 30, 1, 1, 7, 260, 13, 54, 279, 4, 22, 1, 11]
880.0 1.0 0.7706855791962175 [5, 17, 48, 22, 80, 257, 65, 1, 1, 11, 260, 28, 82, 307, 14, 45, 7, 19]
986.0 309.3283045568252 1.0 0.0
[1344.0, 1026.0, 1128.0, 1332.0, 1086.0, 1214.0, 964.0, 1150.0, 1016.0, 986.0]
[290.0758521490543, 451.4022596310302, 321.645767887594, 304.3944808960898, 391.617159991745, 295.97972903562163, 354.1525095209689, 326.83329083800504, 319.84996482726086, 309.3283045568252]
[0.45883228924637354, 0.672710021271963, 0.7630320829566448, 0.8381255998575542, 0.8728615378406399, 0.9167863036301525, 0.9154336634746448, 0.9606774652075345, 0.9733483517598481, 1.0]
[0.04871331039204109, 0.047014426441079324, 0.05474953175330291, 0.07199458540163825, 0.06024230304077707, 0.04957855015443246, 0.05028464143879028, 0.03303723105551669, 0.01738148694573778, 0.0]
Process 91866 detected
