pygame 1.9.6
Hello from the pygame community. https://www.pygame.org/contribute.html

WARNING: The TensorFlow contrib module will not be included in TensorFlow 2.0.
For more information, please see:
  * https://github.com/tensorflow/community/blob/master/rfcs/20180907-contrib-sunset.md
  * https://github.com/tensorflow/addons
If you depend on functionality not listed there, please file an issue.

Loading pretrained/dqn/Pong/1/tf_checkpoints/tf_ckpt-199
Online/Conv/weights:0 (8, 8, 4, 32)  
Online/Conv/biases:0 (32,)          
Online/Conv_1/weights:0 (4, 4, 32, 64) 
Online/Conv_1/biases:0 (64,)          
Online/Conv_2/weights:0 (3, 3, 64, 64) 
Online/Conv_2/biases:0 (64,)          
Online/fully_connected/weights:0 (7744, 512)    
Online/fully_connected/biases:0 (512,)         
Online/fully_connected_1/weights:0 (512, 6)       
Online/fully_connected_1/biases:0 (6,)           
Target/Conv/weights:0 (8, 8, 4, 32)  
Target/Conv/biases:0 (32,)          
Target/Conv_1/weights:0 (4, 4, 32, 64) 
Target/Conv_1/biases:0 (64,)          
Target/Conv_2/weights:0 (3, 3, 64, 64) 
Target/Conv_2/biases:0 (64,)          
Target/fully_connected/weights:0 (7744, 512)    
Target/fully_connected/biases:0 (512,)         
Target/fully_connected_1/weights:0 (512, 6)       
Target/fully_connected_1/biases:0 (6,)           
Loading pretrained/dqn/Pong/5/tf_checkpoints/tf_ckpt-199
Online/Conv/weights:0 (8, 8, 4, 32)  
Online/Conv/biases:0 (32,)          
Online/Conv_1/weights:0 (4, 4, 32, 64) 
Online/Conv_1/biases:0 (64,)          
Online/Conv_2/weights:0 (3, 3, 64, 64) 
Online/Conv_2/biases:0 (64,)          
Online/fully_connected/weights:0 (7744, 512)    
Online/fully_connected/biases:0 (512,)         
Online/fully_connected_1/weights:0 (512, 6)       
Online/fully_connected_1/biases:0 (6,)           
Target/Conv/weights:0 (8, 8, 4, 32)  
Target/Conv/biases:0 (32,)          
Target/Conv_1/weights:0 (4, 4, 32, 64) 
Target/Conv_1/biases:0 (64,)          
Target/Conv_2/weights:0 (3, 3, 64, 64) 
Target/Conv_2/biases:0 (64,)          
Target/fully_connected/weights:0 (7744, 512)    
Target/fully_connected/biases:0 (512,)         
Target/fully_connected_1/weights:0 (512, 6)       
Target/fully_connected_1/biases:0 (6,)           
Performing blockbox attack (perturbation is computed by source model)
attacker_policy: attack_large_value
targetted: False visualize: False decreasing_epsilons: True
epsilons: 100 max_epsilons: [0.01] attack_proportions: [0.1 0.2 0.3 0.4 0.5 0.6 0.7 0.8 0.9 1. ]
epsilons: 100 max_epsilon: 0.01 attack_proportion: 0.1
7.0 0.11798469387755102 0.3081081081081081 [650, 150, 368, 226, 895, 847]
10.0 0.10409228234001648 0.3245382585751979 [720, 215, 483, 345, 872, 1006]
12.0 0.10767846430713857 0.32590529247910865 [665, 179, 435, 273, 904, 878]
14.0 0.11374570446735395 0.3413897280966767 [581, 133, 365, 273, 782, 776]
11.0 0.11243941841680129 0.3620689655172414 [606, 136, 353, 218, 896, 886]
9.0 0.09349371241115363 0.2953216374269006 [765, 188, 497, 308, 1012, 888]
3.0 0.12979890310786105 0.36217303822937624 [871, 192, 516, 363, 954, 933]
10.0 0.10182143923559271 0.30498533724340177 [757, 145, 406, 246, 897, 898]
9.0 0.11694290976058933 0.3333333333333333 [624, 142, 447, 257, 962, 826]
12.0 0.11779816513761468 0.3426791277258567 [625, 107, 338, 216, 758, 681]
9.7 2.9 0.11157956930616726 0.009692445462085975
epsilons: 100 max_epsilon: 0.01 attack_proportion: 0.2
9.0 0.20722811671087532 0.36 [558, 183, 390, 272, 850, 763]
-8.0 0.15853322304935208 0.35130434782608694 [646, 228, 551, 355, 952, 895]
-4.0 0.19864940911648846 0.3555240793201133 [637, 188, 514, 296, 1016, 903]
-16.0 0.19562363238512034 0.319910514541387 [429, 140, 312, 232, 618, 554]
6.0 0.17288742908330845 0.3696027633851468 [669, 156, 474, 297, 905, 848]
-6.0 0.23724832214765101 0.32814710042432815 [542, 146, 419, 299, 839, 735]
-9.0 0.22053872053872053 0.3450381679389313 [492, 192, 402, 260, 831, 793]
-9.0 0.18834547346514047 0.3259668508287293 [503, 159, 413, 264, 800, 744]
2.0 0.22160591653460116 0.35518474374255066 [720, 221, 515, 318, 1069, 943]
9.0 0.1818820224719101 0.3590733590733591 [592, 144, 367, 247, 780, 718]
-2.6 8.175573374387879 0.1982542265503168 0.022885610053864785
epsilons: 100 max_epsilon: 0.01 attack_proportion: 0.30000000000000004
-19.0 0.3167420814479638 0.3357142857142857 [290, 134, 241, 194, 456, 453]
2.0 0.2043956043956044 0.33440860215053764 [959, 295, 630, 435, 1159, 1072]
-8.0 0.25421722403077834 0.33876600698486614 [595, 207, 416, 300, 924, 937]
-12.0 0.3636670037074486 0.3531047265987025 [485, 247, 341, 297, 802, 795]
-9.0 0.25214460784313725 0.3827460510328068 [534, 208, 456, 316, 874, 876]
-12.0 0.31216765717860495 0.32665330661322645 [542, 257, 396, 314, 804, 884]
-4.0 0.27456565081173456 0.36929460580912865 [601, 212, 438, 293, 980, 987]
-2.0 0.2744985673352435 0.3298538622129436 [641, 230, 394, 308, 934, 983]
3.0 0.27901563019620884 0.3468414779499404 [645, 180, 392, 271, 776, 743]
-12.0 0.24035476718403548 0.3726937269372694 [379, 165, 319, 210, 590, 592]
-7.3 6.618912297349165 0.27717687941307595 0.042537532313703
epsilons: 100 max_epsilon: 0.01 attack_proportion: 0.4
-6.0 0.3806430659304969 0.33276450511945393 [528, 220, 369, 240, 846, 876]
-3.0 0.3856517345907713 0.377292576419214 [455, 212, 334, 291, 836, 841]
-7.0 0.3385579937304075 0.3292181069958848 [423, 244, 362, 289, 789, 764]
-12.0 0.4052464947987336 0.3080357142857143 [322, 171, 284, 223, 600, 611]
-15.0 0.3814133591481123 0.3604060913705584 [327, 193, 266, 205, 520, 555]
-8.0 0.3222780569514238 0.3316008316008316 [445, 212, 369, 274, 880, 805]
-17.0 0.39392352016762705 0.29654255319148937 [270, 223, 266, 199, 500, 451]
-9.0 0.37058823529411766 0.36613756613756615 [401, 187, 259, 203, 748, 752]
-6.0 0.3600944510035419 0.35327868852459016 [511, 252, 452, 337, 936, 900]
-4.0 0.3466101694915254 0.3471882640586797 [562, 252, 413, 312, 954, 1047]
-8.7 4.382921400162226 0.3685007081106757 0.024884174822053105
epsilons: 100 max_epsilon: 0.01 attack_proportion: 0.5
-17.0 0.4262659988870339 0.3302872062663185 [281, 156, 239, 167, 469, 485]
-14.0 0.4214751630707476 0.3392857142857143 [261, 172, 280, 192, 513, 575]
-14.0 0.39290465631929045 0.3261851015801354 [319, 200, 282, 212, 608, 634]
-18.0 0.4802771855010661 0.3263041065482797 [234, 212, 231, 177, 539, 483]
-13.0 0.4447963800904977 0.335707019328586 [305, 202, 301, 202, 595, 605]
-17.0 0.40684931506849314 0.3344556677890011 [324, 215, 287, 229, 581, 554]
-14.0 0.3751595065929392 0.32653061224489793 [345, 203, 312, 194, 668, 629]
-15.0 0.5055309734513275 0.31072210065645517 [246, 175, 231, 171, 498, 487]
-16.0 0.458960660514813 0.3333333333333333 [271, 196, 231, 185, 589, 587]
-12.0 0.471169686985173 0.3339160839160839 [331, 246, 296, 199, 692, 664]
-15.0 1.8439088914585775 0.43833895264813816 0.0391101673853851
epsilons: 100 max_epsilon: 0.01 attack_proportion: 0.6000000000000001
-17.0 0.5429487179487179 0.32585596221959856 [189, 204, 165, 147, 441, 414]
-18.0 0.5536431440045898 0.3316062176165803 [204, 210, 223, 170, 484, 452]
-15.0 0.5429131927415399 0.33875338753387535 [231, 248, 269, 184, 558, 549]
-16.0 0.5175675675675676 0.3411662315056571 [249, 240, 273, 218, 643, 597]
-15.0 0.5479386385426653 0.3350831146106737 [281, 228, 242, 195, 579, 561]
-21.0 0.5500485908649174 0.30918727915194344 [137, 132, 147, 104, 258, 251]
-15.0 0.582392776523702 0.3325581395348837 [296, 265, 247, 204, 601, 602]
-18.0 0.595340282035561 0.30484037075180226 [216, 223, 189, 149, 456, 398]
-17.0 0.5415204678362573 0.3023758099352052 [190, 202, 249, 164, 459, 446]
-18.0 0.5445881552076243 0.3425 [191, 194, 196, 140, 364, 384]
-17.0 1.7888543819998317 0.5518901533273143 0.0208322515328554
epsilons: 100 max_epsilon: 0.01 attack_proportion: 0.7000000000000001
-19.0 0.6882154882154882 0.3268101761252446 [160, 198, 187, 160, 408, 372]
-20.0 0.6711250983477577 0.3141852286049238 [177, 162, 165, 122, 315, 330]
-20.0 0.6589958158995816 0.31957671957671957 [148, 208, 166, 116, 425, 371]
-21.0 0.6371347785108389 0.3076923076923077 [134, 151, 142, 105, 255, 274]
-19.0 0.6684014869888476 0.3559510567296997 [154, 183, 167, 118, 365, 358]
-20.0 0.6349206349206349 0.2894736842105263 [146, 133, 145, 127, 332, 314]
-17.0 0.6488294314381271 0.32646048109965636 [200, 233, 226, 159, 473, 503]
-18.0 0.6194387405886379 0.3160220994475138 [189, 205, 168, 139, 402, 358]
-14.0 0.6439513998943476 0.3560295324036095 [207, 243, 251, 163, 501, 528]
-14.0 0.64177545691906 0.31814483319772174 [223, 233, 229, 196, 534, 500]
-18.2 2.3579652245103193 0.6512788331723321 0.019345204209004284
epsilons: 100 max_epsilon: 0.01 attack_proportion: 0.8
-20.0 0.7582417582417582 0.3333333333333333 [144, 210, 185, 113, 331, 382]
-21.0 0.7492447129909365 0.31989247311827956 [125, 154, 120, 84, 245, 265]
-18.0 0.7188940092165899 0.29853479853479853 [157, 220, 195, 124, 396, 427]
-19.0 0.7777777777777778 0.30344827586206896 [154, 188, 159, 115, 349, 340]
-21.0 0.7482859941234085 0.3298429319371728 [121, 169, 114, 88, 275, 254]
-21.0 0.7658986175115208 0.30806257521058966 [110, 153, 122, 111, 297, 292]
-19.0 0.7658536585365854 0.31210191082802546 [123, 164, 161, 110, 343, 329]
-20.0 0.7778730703259005 0.2932745314222712 [98, 215, 136, 83, 309, 325]
-19.0 0.75 0.33126934984520123 [121, 190, 162, 102, 368, 349]
-20.0 0.7550130775937227 0.31755196304849886 [120, 167, 142, 82, 331, 305]
-19.8 0.9797958971132711 0.75670826763182 0.016330209528172504
epsilons: 100 max_epsilon: 0.01 attack_proportion: 0.9
-18.0 0.8770851624231782 0.3063063063063063 [85, 205, 125, 81, 315, 328]
-19.0 0.8965791567223548 0.3318544809228039 [124, 186, 173, 99, 333, 342]
-21.0 0.8817407757805109 0.33261802575107297 [106, 184, 121, 80, 262, 304]
-21.0 0.8890799656061908 0.29690522243713735 [103, 207, 133, 90, 302, 328]
-17.0 0.874430709173715 0.31994047619047616 [120, 236, 187, 143, 437, 414]
-18.0 0.9049235993208828 0.3170731707317073 [124, 196, 126, 86, 321, 325]
-21.0 0.8685540950455005 0.3084982537834691 [108, 172, 118, 70, 244, 277]
-19.0 0.8900218499635834 0.3183306055646481 [129, 249, 174, 96, 365, 360]
-20.0 0.8993558776167472 0.306177260519248 [121, 183, 131, 93, 355, 359]
-20.0 0.8841698841698842 0.31004366812227074 [86, 157, 153, 71, 294, 275]
-19.4 1.3564659966250538 0.8865941075822548 0.010998659900315972
epsilons: 100 max_epsilon: 0.01 attack_proportion: 1.0
-19.0 1.0 0.3074433656957929 [103, 215, 140, 85, 351, 342]
-18.0 1.0 0.3045930701047542 [80, 203, 141, 97, 357, 363]
-19.0 1.0 0.31223267750213857 [70, 217, 186, 80, 287, 329]
-19.0 1.0 0.29462738301559793 [83, 184, 153, 62, 332, 340]
-20.0 1.0 0.29063250600480384 [112, 185, 129, 94, 372, 357]
-21.0 1.0 0.3026886383347788 [110, 197, 158, 83, 277, 328]
-18.0 1.0 0.3231756214915798 [88, 199, 145, 96, 354, 365]
-17.0 1.0 0.3082644628099174 [96, 190, 151, 99, 336, 338]
-20.0 1.0 0.3050397877984085 [89, 171, 155, 102, 291, 323]
-20.0 1.0 0.31537708129285014 [95, 160, 124, 68, 291, 283]
-19.1 1.1357816691600546 1.0 0.0
[9.7, -2.6, -7.3, -8.7, -15.0, -17.0, -18.2, -19.8, -19.4, -19.1]
[2.9, 8.175573374387879, 6.618912297349165, 4.382921400162226, 1.8439088914585775, 1.7888543819998317, 2.3579652245103193, 0.9797958971132711, 1.3564659966250538, 1.1357816691600546]
[0.11157956930616726, 0.1982542265503168, 0.27717687941307595, 0.3685007081106757, 0.43833895264813816, 0.5518901533273143, 0.6512788331723321, 0.75670826763182, 0.8865941075822548, 1.0]
[0.009692445462085975, 0.022885610053864785, 0.042537532313703, 0.024884174822053105, 0.0391101673853851, 0.0208322515328554, 0.019345204209004284, 0.016330209528172504, 0.010998659900315972, 0.0]
Process 29255 detected
