pygame 1.9.6
Hello from the pygame community. https://www.pygame.org/contribute.html

WARNING: The TensorFlow contrib module will not be included in TensorFlow 2.0.
For more information, please see:
  * https://github.com/tensorflow/community/blob/master/rfcs/20180907-contrib-sunset.md
  * https://github.com/tensorflow/addons
If you depend on functionality not listed there, please file an issue.

Loading pretrained/dqn/Riverraid/1/tf_checkpoints/tf_ckpt-199
Online/Conv/weights:0 (8, 8, 4, 32)  
Online/Conv/biases:0 (32,)          
Online/Conv_1/weights:0 (4, 4, 32, 64) 
Online/Conv_1/biases:0 (64,)          
Online/Conv_2/weights:0 (3, 3, 64, 64) 
Online/Conv_2/biases:0 (64,)          
Online/fully_connected/weights:0 (7744, 512)    
Online/fully_connected/biases:0 (512,)         
Online/fully_connected_1/weights:0 (512, 18)      
Online/fully_connected_1/biases:0 (18,)          
Target/Conv/weights:0 (8, 8, 4, 32)  
Target/Conv/biases:0 (32,)          
Target/Conv_1/weights:0 (4, 4, 32, 64) 
Target/Conv_1/biases:0 (64,)          
Target/Conv_2/weights:0 (3, 3, 64, 64) 
Target/Conv_2/biases:0 (64,)          
Target/fully_connected/weights:0 (7744, 512)    
Target/fully_connected/biases:0 (512,)         
Target/fully_connected_1/weights:0 (512, 18)      
Target/fully_connected_1/biases:0 (18,)          
Loading pretrained/dqn/Riverraid/5/tf_checkpoints/tf_ckpt-199
Online/Conv/weights:0 (8, 8, 4, 32)  
Online/Conv/biases:0 (32,)          
Online/Conv_1/weights:0 (4, 4, 32, 64) 
Online/Conv_1/biases:0 (64,)          
Online/Conv_2/weights:0 (3, 3, 64, 64) 
Online/Conv_2/biases:0 (64,)          
Online/fully_connected/weights:0 (7744, 512)    
Online/fully_connected/biases:0 (512,)         
Online/fully_connected_1/weights:0 (512, 18)      
Online/fully_connected_1/biases:0 (18,)          
Target/Conv/weights:0 (8, 8, 4, 32)  
Target/Conv/biases:0 (32,)          
Target/Conv_1/weights:0 (4, 4, 32, 64) 
Target/Conv_1/biases:0 (64,)          
Target/Conv_2/weights:0 (3, 3, 64, 64) 
Target/Conv_2/biases:0 (64,)          
Target/fully_connected/weights:0 (7744, 512)    
Target/fully_connected/biases:0 (512,)         
Target/fully_connected_1/weights:0 (512, 18)      
Target/fully_connected_1/biases:0 (18,)          
Performing blockbox attack (perturbation is computed by source model)
attacker_policy: attack_large_value
targetted: False visualize: False decreasing_epsilons: True
epsilons: 100 max_epsilons: [0.01] attack_proportions: [0.1 0.2 0.3 0.4 0.5 0.6 0.7 0.8 0.9 1. ]
epsilons: 100 max_epsilon: 0.01 attack_proportion: 0.1
14550.0 0.0433031218529708 0.8023255813953488 [58, 37, 1, 41, 17, 203, 8, 67, 12, 24, 111, 28, 188, 3, 528, 305, 89, 266]
15150.0 0.04990118577075099 0.693069306930693 [46, 22, 0, 44, 20, 124, 13, 36, 13, 21, 144, 35, 185, 6, 582, 292, 75, 366]
7440.0 0.05898617511520737 0.6875 [17, 38, 1, 29, 12, 69, 5, 30, 7, 2, 41, 17, 134, 2, 294, 183, 25, 179]
11660.0 0.04082806210465785 0.647887323943662 [73, 84, 0, 51, 9, 98, 9, 48, 7, 15, 88, 15, 172, 3, 444, 257, 69, 297]
12310.0 0.04059462550028588 0.8028169014084507 [15, 63, 1, 69, 6, 60, 3, 33, 3, 9, 87, 18, 213, 2, 496, 265, 66, 340]
11560.0 0.04126794258373206 0.6811594202898551 [10, 76, 0, 40, 14, 133, 3, 40, 3, 8, 72, 17, 174, 3, 495, 247, 72, 265]
6870.0 0.060542797494780795 0.7068965517241379 [8, 35, 0, 23, 22, 59, 1, 9, 2, 1, 8, 19, 102, 3, 313, 161, 26, 166]
11050.0 0.03594351732991014 0.7857142857142857 [15, 92, 2, 36, 24, 81, 6, 31, 7, 4, 75, 26, 188, 6, 410, 230, 47, 278]
12220.0 0.03172804532577904 0.7678571428571429 [16, 35, 0, 43, 9, 76, 8, 24, 1, 5, 49, 9, 213, 3, 558, 287, 87, 342]
14530.0 0.05089675230247213 0.7714285714285715 [53, 66, 24, 45, 10, 180, 6, 63, 13, 30, 136, 16, 221, 4, 502, 294, 97, 303]
11734.0 2656.7845226890345 0.04539922253805471 0.00897872969390407
epsilons: 100 max_epsilon: 0.01 attack_proportion: 0.2
11390.0 0.0695754716981132 0.7711864406779662 [43, 61, 13, 42, 11, 160, 8, 41, 12, 21, 115, 31, 158, 2, 423, 247, 67, 241]
16060.0 0.07020872865275142 0.6824324324324325 [42, 90, 0, 70, 13, 154, 5, 38, 1, 38, 96, 34, 273, 4, 554, 332, 94, 270]
13550.0 0.09307244843997885 0.7840909090909091 [58, 59, 0, 48, 11, 132, 9, 48, 14, 18, 117, 19, 196, 5, 480, 283, 64, 330]
8600.0 0.1056768558951965 0.6446280991735537 [24, 35, 0, 26, 8, 52, 7, 35, 6, 10, 30, 25, 101, 29, 327, 164, 49, 217]
15320.0 0.078125 0.7272727272727273 [38, 94, 1, 66, 11, 137, 11, 62, 6, 47, 100, 38, 209, 7, 559, 328, 92, 306]
16190.0 0.08087167070217918 0.7065868263473054 [48, 52, 1, 52, 25, 111, 10, 45, 11, 19, 109, 45, 169, 28, 562, 334, 66, 378]
8550.0 0.07015985790408526 0.6835443037974683 [16, 31, 0, 29, 10, 74, 5, 25, 3, 8, 34, 28, 105, 8, 338, 174, 37, 201]
11460.0 0.07868649318463444 0.7007874015748031 [19, 75, 0, 51, 11, 108, 9, 39, 5, 17, 70, 21, 186, 27, 380, 240, 61, 295]
11720.0 0.08668341708542714 0.6739130434782609 [19, 17, 0, 72, 22, 65, 9, 14, 0, 7, 51, 11, 206, 1, 472, 207, 70, 349]
12790.0 0.07530647985989491 0.6821705426356589 [33, 70, 2, 46, 26, 88, 10, 28, 7, 10, 71, 38, 216, 4, 499, 257, 70, 238]
12563.0 2629.1369306295173 0.08083664234222608 0.010941920509586154
epsilons: 100 max_epsilon: 0.01 attack_proportion: 0.30000000000000004
12850.0 0.15681943677526228 0.7676056338028169 [33, 83, 0, 60, 18, 127, 8, 40, 7, 15, 71, 17, 170, 2, 522, 266, 76, 296]
15770.0 0.13012156686177398 0.7750865051903114 [59, 99, 1, 62, 16, 165, 19, 67, 12, 28, 137, 40, 239, 31, 540, 326, 77, 303]
15700.0 0.14595103578154425 0.7419354838709677 [46, 90, 1, 49, 29, 100, 8, 41, 2, 9, 90, 67, 203, 11, 637, 299, 77, 365]
8630.0 0.16681376875551632 0.6984126984126984 [13, 16, 0, 26, 7, 57, 8, 26, 3, 14, 24, 28, 162, 29, 317, 173, 31, 199]
8730.0 0.130686517783292 0.759493670886076 [23, 46, 0, 26, 11, 67, 6, 37, 11, 6, 54, 13, 83, 3, 374, 228, 31, 190]
9690.0 0.11413454270597127 0.7350993377483444 [31, 26, 0, 29, 12, 101, 28, 52, 14, 12, 71, 45, 136, 4, 317, 204, 46, 195]
9230.0 0.11226944667201283 0.7071428571428572 [21, 77, 0, 59, 9, 71, 2, 23, 11, 8, 67, 25, 105, 3, 341, 179, 33, 213]
14800.0 0.12843578210894552 0.7509727626459144 [46, 105, 1, 47, 11, 125, 10, 58, 2, 10, 92, 18, 216, 5, 537, 296, 76, 346]
11800.0 0.09728506787330317 0.7151162790697675 [57, 70, 4, 47, 14, 131, 3, 37, 5, 19, 79, 20, 225, 5, 438, 245, 83, 286]
14150.0 0.12814194184327254 0.7192307692307692 [67, 75, 0, 58, 18, 179, 9, 66, 14, 25, 126, 11, 189, 3, 515, 291, 57, 326]
12135.0 2756.890458469469 0.13106591071608942 0.019900620413185723
epsilons: 100 max_epsilon: 0.01 attack_proportion: 0.4
14850.0 0.1557530402245089 0.7777777777777778 [77, 106, 1, 51, 8, 153, 6, 30, 3, 29, 125, 43, 196, 4, 617, 319, 71, 299]
8820.0 0.18276972624798712 0.7224669603524229 [25, 26, 0, 26, 10, 66, 8, 31, 1, 12, 26, 30, 105, 7, 342, 204, 54, 269]
9790.0 0.20810600155884645 0.7265917602996255 [9, 117, 0, 29, 7, 55, 2, 21, 3, 5, 63, 16, 128, 0, 384, 199, 43, 202]
14520.0 0.18563751831949193 0.75 [68, 73, 1, 41, 13, 221, 10, 63, 12, 29, 101, 21, 126, 30, 537, 307, 69, 325]
12100.0 0.1328866554997208 0.7142857142857143 [26, 78, 0, 43, 12, 131, 8, 42, 10, 17, 108, 17, 231, 28, 423, 266, 63, 288]
5060.0 0.17516339869281045 0.6716417910447762 [9, 30, 0, 19, 3, 23, 0, 17, 0, 0, 29, 29, 136, 5, 223, 98, 22, 122]
14240.0 0.17938144329896907 0.7614942528735632 [49, 112, 1, 65, 8, 135, 6, 37, 3, 25, 92, 14, 201, 1, 556, 288, 54, 293]
16690.0 0.16247240618101547 0.7663043478260869 [46, 109, 0, 78, 14, 170, 9, 41, 6, 22, 119, 29, 237, 27, 627, 316, 88, 327]
9950.0 0.17797228300510576 0.6926229508196722 [15, 77, 4, 36, 1, 108, 11, 23, 6, 4, 83, 16, 144, 1, 385, 189, 41, 227]
13120.0 0.17358892438764642 0.7668711656441718 [37, 50, 0, 42, 14, 121, 9, 42, 1, 17, 90, 36, 189, 5, 526, 280, 80, 339]
11914.0 3317.222332012131 0.17337313974161025 0.018905118978283078
epsilons: 100 max_epsilon: 0.01 attack_proportion: 0.5
14810.0 0.25626598465473144 0.7604790419161677 [42, 82, 0, 51, 10, 127, 5, 44, 1, 22, 108, 19, 223, 2, 547, 308, 67, 297]
12410.0 0.2504136789851076 0.7070484581497798 [24, 63, 0, 64, 9, 85, 10, 36, 9, 15, 107, 27, 170, 2, 513, 288, 69, 322]
14730.0 0.26857142857142857 0.7717601547388782 [47, 75, 0, 40, 31, 108, 12, 37, 3, 13, 75, 34, 185, 6, 585, 291, 64, 319]
14090.0 0.20760233918128654 0.7323943661971831 [50, 81, 4, 44, 16, 179, 13, 58, 12, 33, 130, 22, 195, 11, 499, 307, 89, 309]
8970.0 0.24691358024691357 0.7321428571428571 [19, 38, 0, 46, 12, 48, 3, 12, 1, 3, 30, 22, 158, 4, 338, 191, 34, 175]
6340.0 0.2960088691796009 0.7191011235955056 [11, 42, 0, 25, 1, 46, 1, 10, 0, 0, 22, 30, 121, 1, 257, 139, 23, 173]
10910.0 0.26978891820580475 0.7359413202933985 [20, 74, 0, 32, 19, 82, 9, 37, 10, 1, 58, 24, 160, 2, 415, 218, 58, 297]
10920.0 0.23499684144030322 0.6881720430107527 [24, 81, 0, 43, 10, 104, 6, 34, 10, 8, 84, 38, 175, 1, 420, 207, 64, 274]
15840.0 0.293953488372093 0.7056962025316456 [68, 62, 18, 68, 21, 88, 9, 37, 4, 18, 109, 28, 214, 10, 593, 334, 77, 392]
8970.0 0.22765469824293355 0.7516778523489933 [16, 52, 0, 44, 7, 74, 7, 25, 9, 3, 59, 7, 160, 3, 335, 232, 45, 231]
11799.0 2949.214980295604 0.2552169827080203 0.026615754623177494
epsilons: 100 max_epsilon: 0.01 attack_proportion: 0.6000000000000001
16610.0 0.38287700999565405 0.7321225879682179 [86, 109, 2, 61, 15, 160, 6, 42, 10, 21, 132, 32, 258, 6, 642, 335, 63, 321]
14860.0 0.3873961895456766 0.7175283732660782 [87, 88, 2, 40, 25, 134, 13, 49, 9, 20, 111, 27, 217, 29, 547, 309, 61, 279]
8090.0 0.22469982847341338 0.6755725190839694 [11, 55, 1, 47, 5, 54, 3, 17, 2, 8, 31, 9, 153, 2, 317, 185, 43, 223]
4250.0 0.41422594142259417 0.7373737373737373 [2, 65, 0, 9, 2, 30, 0, 2, 0, 0, 15, 9, 116, 1, 200, 93, 31, 142]
7780.0 0.30324909747292417 0.7202380952380952 [19, 42, 0, 29, 4, 56, 13, 28, 5, 2, 45, 19, 130, 2, 295, 234, 34, 151]
14480.0 0.3018583626318433 0.7038269550748752 [46, 155, 2, 51, 3, 121, 6, 44, 2, 18, 107, 30, 216, 2, 528, 286, 70, 304]
17200.0 0.35440860215053765 0.7378640776699029 [35, 61, 0, 91, 31, 121, 5, 37, 5, 19, 112, 48, 252, 27, 657, 381, 88, 355]
15630.0 0.3087674714104193 0.7311385459533608 [82, 72, 2, 55, 17, 247, 7, 49, 14, 35, 139, 25, 215, 29, 612, 316, 90, 355]
10820.0 0.3767441860465116 0.7195767195767195 [8, 74, 0, 57, 20, 66, 5, 20, 3, 5, 64, 14, 137, 0, 428, 250, 53, 301]
12180.0 0.3538283062645012 0.7459016393442623 [35, 110, 0, 43, 17, 96, 9, 42, 10, 16, 97, 21, 170, 26, 441, 247, 65, 279]
12190.0 4123.3699809743 0.34080549954140754 0.053302736952910094
epsilons: 100 max_epsilon: 0.01 attack_proportion: 0.7000000000000001
9960.0 0.49340574088440653 0.7358490566037735 [47, 65, 1, 25, 11, 66, 8, 37, 3, 2, 74, 21, 146, 8, 346, 218, 41, 170]
9780.0 0.39761727475800446 0.653558052434457 [48, 32, 0, 26, 7, 62, 37, 39, 7, 6, 68, 31, 143, 6, 384, 204, 35, 208]
12720.0 0.4332394366197183 0.7126137841352406 [31, 102, 0, 36, 16, 75, 7, 30, 5, 5, 91, 20, 188, 3, 503, 291, 55, 317]
12240.0 0.38070175438596493 0.6881720430107527 [32, 65, 0, 38, 7, 130, 11, 39, 8, 24, 121, 25, 170, 4, 432, 252, 60, 292]
8450.0 0.40608695652173915 0.7580299785867237 [23, 30, 1, 20, 12, 69, 4, 29, 7, 2, 33, 16, 127, 3, 325, 198, 20, 231]
7980.0 0.3454876937101185 0.741424802110818 [32, 55, 0, 31, 3, 62, 2, 22, 4, 8, 30, 7, 129, 4, 310, 177, 22, 199]
10950.0 0.38882282996432815 0.7155963302752294 [79, 53, 1, 62, 13, 157, 7, 36, 3, 27, 74, 39, 172, 5, 441, 214, 53, 246]
14920.0 0.38349514563106796 0.7455696202531645 [55, 93, 2, 47, 7, 186, 10, 49, 13, 12, 100, 50, 205, 13, 525, 287, 70, 336]
11340.0 0.4517465956187093 0.6867627785058977 [26, 62, 0, 43, 11, 87, 7, 28, 4, 14, 116, 13, 195, 2, 458, 288, 63, 272]
9560.0 0.49803613511390415 0.7018927444794952 [18, 52, 0, 56, 11, 59, 6, 20, 6, 6, 64, 15, 180, 0, 355, 203, 35, 187]
10790.0 1995.1441050711098 0.41786395632079615 0.047656225990619284
epsilons: 100 max_epsilon: 0.01 attack_proportion: 0.8
12150.0 0.6146899458157736 0.7189030362389814 [28, 67, 1, 35, 13, 69, 3, 32, 3, 11, 60, 34, 181, 2, 500, 278, 53, 291]
11350.0 0.6535737282678686 0.7044334975369458 [27, 93, 0, 28, 24, 79, 5, 25, 3, 4, 62, 28, 185, 2, 438, 253, 62, 235]
3020.0 0.5069686411149826 0.7044673539518901 [1, 33, 0, 17, 2, 32, 22, 6, 0, 0, 8, 5, 62, 0, 168, 77, 14, 127]
11070.0 0.6151379089159718 0.7069864442127216 [29, 25, 1, 33, 19, 88, 15, 40, 7, 27, 72, 17, 160, 7, 437, 242, 55, 285]
8270.0 0.5966386554621849 0.7 [16, 46, 1, 22, 3, 57, 7, 16, 3, 4, 48, 35, 180, 1, 342, 204, 35, 170]
11420.0 0.626269035532995 0.7011144883485309 [19, 28, 0, 42, 29, 77, 7, 15, 5, 5, 63, 43, 179, 4, 509, 243, 43, 265]
11630.0 0.5777525539160046 0.6944990176817288 [56, 33, 1, 55, 7, 142, 12, 47, 10, 16, 112, 15, 219, 20, 446, 258, 74, 239]
6510.0 0.4965986394557823 0.6908023483365949 [16, 84, 0, 37, 1, 64, 5, 20, 2, 1, 39, 15, 98, 0, 278, 152, 31, 186]
8360.0 0.5318066157760815 0.7033492822966507 [37, 38, 0, 29, 12, 64, 5, 18, 3, 6, 55, 10, 119, 1, 330, 235, 35, 182]
6600.0 0.5577942735949099 0.7110266159695817 [6, 34, 0, 28, 2, 39, 1, 9, 2, 0, 21, 8, 138, 1, 302, 145, 20, 187]
9038.0 2848.71479793959 0.5777229997852554 0.05032603062346285
epsilons: 100 max_epsilon: 0.01 attack_proportion: 0.9
9950.0 0.7209985315712188 0.725050916496945 [38, 31, 1, 28, 6, 74, 5, 37, 6, 5, 96, 30, 170, 28, 361, 236, 32, 178]
8260.0 0.7306306306306306 0.7040690505548706 [10, 54, 0, 25, 1, 38, 0, 14, 1, 6, 34, 31, 118, 3, 341, 195, 29, 210]
8030.0 0.7985212569316081 0.6793981481481481 [24, 35, 0, 19, 6, 55, 7, 26, 3, 4, 49, 27, 94, 31, 332, 191, 31, 148]
14480.0 0.77526395173454 0.6699092088197146 [45, 102, 1, 52, 11, 110, 22, 36, 3, 13, 119, 46, 182, 4, 559, 337, 53, 294]
7950.0 0.7703842549203374 0.7043795620437956 [32, 41, 2, 15, 5, 42, 3, 16, 0, 0, 18, 9, 112, 4, 367, 194, 22, 185]
14410.0 0.7254498714652956 0.7044649184975195 [70, 38, 1, 29, 28, 117, 12, 42, 4, 14, 95, 42, 197, 38, 547, 274, 55, 342]
8710.0 0.7282889079965607 0.6859504132231405 [18, 38, 0, 41, 11, 60, 3, 19, 4, 1, 68, 12, 174, 3, 332, 197, 31, 151]
4320.0 0.728744939271255 0.725925925925926 [3, 35, 0, 20, 7, 27, 1, 7, 0, 1, 17, 3, 116, 2, 208, 76, 23, 195]
13760.0 0.7012257405515833 0.6882738528769119 [63, 78, 3, 40, 12, 130, 11, 35, 5, 18, 118, 17, 213, 2, 502, 329, 81, 301]
14790.0 0.7746126936531734 0.7064516129032258 [41, 43, 2, 43, 12, 127, 4, 36, 7, 13, 148, 22, 192, 1, 557, 361, 64, 328]
10466.0 3456.4235851527224 0.7454120778726203 0.029873794257995804
epsilons: 100 max_epsilon: 0.01 attack_proportion: 1.0
14800.0 1.0 0.6979591836734694 [43, 62, 1, 55, 13, 75, 8, 34, 8, 11, 143, 49, 193, 1, 549, 341, 57, 317]
7590.0 1.0 0.7081384471468662 [17, 48, 1, 31, 17, 53, 4, 6, 0, 3, 20, 19, 113, 2, 343, 188, 28, 176]
5290.0 1.0 0.7128463476070529 [9, 19, 7, 15, 2, 50, 0, 19, 0, 0, 23, 18, 111, 0, 225, 133, 26, 137]
5420.0 1.0 0.7218863361547763 [5, 13, 5, 21, 4, 25, 0, 16, 0, 1, 33, 28, 122, 0, 256, 139, 24, 135]
6940.0 1.0 0.7126903553299493 [12, 49, 0, 20, 12, 48, 2, 6, 1, 2, 15, 19, 132, 2, 300, 169, 26, 170]
9580.0 1.0 0.7066766691672918 [34, 33, 2, 34, 24, 59, 5, 14, 6, 3, 71, 23, 159, 2, 390, 279, 35, 160]
6470.0 1.0 0.711211778029445 [38, 11, 0, 21, 7, 46, 7, 14, 5, 0, 12, 15, 58, 6, 287, 178, 24, 154]
9060.0 1.0 0.7295221843003413 [12, 32, 1, 20, 19, 63, 3, 15, 0, 0, 31, 10, 167, 1, 389, 188, 32, 189]
7670.0 1.0 0.7202664129400571 [8, 25, 0, 20, 3, 46, 0, 7, 2, 1, 30, 15, 138, 1, 328, 204, 30, 193]
8970.0 1.0 0.7151260504201681 [20, 61, 1, 30, 9, 65, 5, 21, 1, 13, 25, 35, 94, 16, 356, 191, 34, 213]
8179.0 2611.9435292517333 1.0 0.0
[11734.0, 12563.0, 12135.0, 11914.0, 11799.0, 12190.0, 10790.0, 9038.0, 10466.0, 8179.0]
[2656.7845226890345, 2629.1369306295173, 2756.890458469469, 3317.222332012131, 2949.214980295604, 4123.3699809743, 1995.1441050711098, 2848.71479793959, 3456.4235851527224, 2611.9435292517333]
[0.04539922253805471, 0.08083664234222608, 0.13106591071608942, 0.17337313974161025, 0.2552169827080203, 0.34080549954140754, 0.41786395632079615, 0.5777229997852554, 0.7454120778726203, 1.0]
[0.00897872969390407, 0.010941920509586154, 0.019900620413185723, 0.018905118978283078, 0.026615754623177494, 0.053302736952910094, 0.047656225990619284, 0.05032603062346285, 0.029873794257995804, 0.0]
Process 35519 detected
