pygame 1.9.6
Hello from the pygame community. https://www.pygame.org/contribute.html

WARNING: The TensorFlow contrib module will not be included in TensorFlow 2.0.
For more information, please see:
  * https://github.com/tensorflow/community/blob/master/rfcs/20180907-contrib-sunset.md
  * https://github.com/tensorflow/addons
If you depend on functionality not listed there, please file an issue.

Loading pretrained/dqn/Seaquest/1/tf_checkpoints/tf_ckpt-199
Online/Conv/weights:0 (8, 8, 4, 32)  
Online/Conv/biases:0 (32,)          
Online/Conv_1/weights:0 (4, 4, 32, 64) 
Online/Conv_1/biases:0 (64,)          
Online/Conv_2/weights:0 (3, 3, 64, 64) 
Online/Conv_2/biases:0 (64,)          
Online/fully_connected/weights:0 (7744, 512)    
Online/fully_connected/biases:0 (512,)         
Online/fully_connected_1/weights:0 (512, 18)      
Online/fully_connected_1/biases:0 (18,)          
Target/Conv/weights:0 (8, 8, 4, 32)  
Target/Conv/biases:0 (32,)          
Target/Conv_1/weights:0 (4, 4, 32, 64) 
Target/Conv_1/biases:0 (64,)          
Target/Conv_2/weights:0 (3, 3, 64, 64) 
Target/Conv_2/biases:0 (64,)          
Target/fully_connected/weights:0 (7744, 512)    
Target/fully_connected/biases:0 (512,)         
Target/fully_connected_1/weights:0 (512, 18)      
Target/fully_connected_1/biases:0 (18,)          
attacker_policy: attack_large_value
targetted: False visualize: False decreasing_epsilons: False
epsilons: 100 max_epsilons: [0.01] attack_proportions: [0.1 0.2 0.3 0.4 0.5 0.6 0.7 0.8 0.9 1. ]
epsilons: 100 max_epsilon: 0.01 attack_proportion: 0.1
1120.0 0.31316281971303805 0.021912350597609563 [1, 21, 4, 8, 198, 390, 128, 6, 1, 60, 253, 55, 136, 211, 32, 62, 9, 28]
840.0 0.19259882253994953 0.017467248908296942 [3, 9, 4, 7, 132, 349, 88, 0, 12, 54, 163, 22, 93, 143, 43, 56, 5, 6]
400.0 0.4108433734939759 0.04398826979472141 [1, 3, 2, 7, 103, 229, 56, 0, 5, 26, 138, 16, 66, 120, 15, 27, 1, 15]
900.0 0.38202247191011235 0.02249134948096886 [6, 30, 51, 34, 128, 236, 87, 0, 1, 57, 306, 41, 93, 301, 24, 58, 15, 45]
1040.0 0.3382352941176471 0.028985507246376812 [3, 21, 29, 8, 197, 341, 95, 0, 2, 52, 232, 87, 101, 302, 44, 106, 8, 4]
640.0 0.4140127388535032 0.03956043956043956 [0, 15, 26, 28, 108, 235, 66, 1, 1, 32, 200, 13, 61, 208, 25, 25, 32, 23]
360.0 0.5061576354679803 0.029197080291970802 [0, 15, 6, 24, 105, 201, 48, 1, 2, 16, 129, 31, 34, 143, 8, 19, 8, 22]
460.0 0.35096642929806715 0.011594202898550725 [15, 12, 8, 6, 147, 236, 54, 0, 5, 23, 159, 17, 72, 161, 23, 32, 2, 11]
620.0 0.23760330578512398 0.017391304347826087 [0, 14, 1, 5, 98, 293, 81, 0, 0, 55, 124, 22, 89, 119, 26, 31, 8, 2]
880.0 0.23063829787234041 0.04059040590405904 [8, 26, 1, 20, 92, 215, 62, 0, 5, 14, 184, 57, 71, 285, 31, 78, 17, 9]
726.0 255.0372521809314 0.3376241189051738 0.0921033397547241
epsilons: 100 max_epsilon: 0.01 attack_proportion: 0.2
420.0 0.4327683615819209 0.018276762402088774 [0, 28, 4, 11, 123, 247, 54, 0, 0, 43, 171, 8, 39, 99, 24, 29, 1, 4]
60.0 0.6183206106870229 0.024691358024691357 [8, 14, 0, 5, 31, 64, 35, 1, 10, 4, 79, 4, 25, 70, 2, 23, 8, 10]
200.0 0.5756240822320118 0.02040816326530612 [30, 10, 3, 9, 74, 79, 14, 1, 1, 4, 130, 37, 32, 153, 0, 74, 4, 26]
200.0 0.5332225913621262 0.003115264797507788 [3, 8, 0, 5, 62, 136, 38, 0, 3, 18, 90, 7, 86, 104, 11, 11, 12, 8]
60.0 0.5602094240837696 0.028037383177570093 [14, 8, 0, 14, 36, 87, 23, 0, 14, 12, 38, 3, 35, 63, 0, 26, 8, 1]
480.0 0.47619047619047616 0.008 [15, 8, 2, 14, 132, 219, 62, 0, 1, 29, 189, 26, 74, 197, 38, 36, 4, 4]
160.0 0.455078125 0.07725321888412018 [9, 12, 2, 0, 58, 174, 28, 0, 1, 13, 55, 0, 61, 51, 2, 34, 7, 5]
520.0 0.38412698412698415 0.046831955922865015 [3, 16, 2, 6, 99, 282, 57, 0, 1, 22, 155, 8, 70, 145, 37, 25, 15, 2]
120.0 0.5850622406639004 0.0 [22, 22, 0, 16, 38, 115, 24, 0, 7, 12, 82, 13, 39, 51, 3, 24, 5, 9]
580.0 0.4483018867924528 0.010101010101010102 [12, 16, 12, 22, 106, 175, 61, 3, 0, 29, 309, 57, 73, 318, 34, 54, 20, 24]
280.0 188.8915032498815 0.5068904782720665 0.07376496060416697
epsilons: 100 max_epsilon: 0.01 attack_proportion: 0.30000000000000004
60.0 0.7167487684729064 0.027491408934707903 [20, 3, 6, 5, 36, 85, 21, 0, 0, 1, 80, 5, 14, 85, 2, 25, 1, 17]
320.0 0.616652211621856 0.015471167369901548 [0, 17, 47, 31, 174, 175, 57, 3, 2, 17, 225, 37, 45, 211, 18, 71, 8, 15]
480.0 0.6961789375582479 0.03480589022757698 [5, 13, 3, 24, 135, 204, 46, 1, 2, 42, 148, 52, 40, 216, 20, 89, 9, 24]
300.0 0.6678362573099416 0.021015761821366025 [4, 18, 16, 21, 153, 139, 32, 0, 0, 18, 145, 37, 62, 128, 25, 28, 10, 19]
80.0 0.5611353711790393 0.01556420233463035 [6, 10, 1, 15, 55, 111, 22, 0, 12, 13, 81, 12, 39, 62, 4, 7, 1, 7]
160.0 0.7619047619047619 0.020833333333333332 [10, 5, 0, 13, 51, 71, 32, 1, 13, 6, 128, 31, 23, 163, 0, 54, 8, 21]
600.0 0.5121512151215122 0.029876977152899824 [28, 15, 3, 31, 113, 221, 53, 0, 1, 14, 189, 45, 37, 235, 2, 82, 13, 29]
220.0 0.606516290726817 0.012396694214876033 [8, 10, 4, 37, 88, 132, 49, 1, 0, 38, 134, 24, 36, 163, 14, 37, 11, 12]
20.0 0.6529562982005142 0.007874015748031496 [24, 13, 1, 25, 48, 83, 37, 0, 1, 4, 33, 1, 19, 65, 2, 18, 10, 5]
340.0 0.5507765830346476 0.0368763557483731 [24, 4, 1, 5, 135, 254, 65, 2, 2, 29, 75, 8, 39, 90, 26, 64, 11, 3]
258.0 178.08986495586996 0.6342856695130245 0.07530965557952621
epsilons: 100 max_epsilon: 0.01 attack_proportion: 0.4
100.0 0.6225045372050817 0.01749271137026239 [35, 10, 0, 15, 33, 77, 33, 0, 0, 4, 72, 21, 22, 137, 0, 58, 20, 14]
100.0 0.7482517482517482 0.004672897196261682 [10, 20, 4, 36, 68, 81, 34, 0, 0, 16, 77, 4, 59, 92, 10, 45, 12, 4]
100.0 0.7353497164461248 0.02313624678663239 [16, 13, 1, 14, 61, 105, 34, 0, 0, 9, 87, 28, 31, 72, 2, 29, 10, 17]
240.0 0.5599489795918368 0.02050113895216401 [0, 11, 2, 11, 152, 202, 44, 0, 0, 39, 92, 7, 44, 119, 32, 19, 7, 3]
140.0 0.7610619469026548 0.011627906976744186 [3, 13, 0, 29, 42, 97, 43, 0, 5, 18, 65, 11, 68, 101, 6, 38, 7, 19]
140.0 0.636986301369863 0.02956989247311828 [21, 20, 0, 25, 65, 83, 21, 1, 4, 10, 82, 15, 37, 118, 6, 51, 5, 20]
20.0 0.7447368421052631 0.04240282685512368 [18, 14, 0, 13, 28, 81, 35, 0, 4, 10, 56, 5, 11, 71, 1, 25, 5, 3]
40.0 0.7586206896551724 0.027972027972027972 [15, 15, 0, 17, 23, 72, 19, 0, 2, 15, 69, 2, 13, 76, 1, 27, 9, 2]
40.0 0.6807980049875312 0.02564102564102564 [0, 16, 1, 32, 25, 87, 32, 0, 1, 9, 55, 0, 37, 63, 2, 30, 11, 0]
300.0 0.6618705035971223 0.02717391304347826 [9, 24, 1, 18, 98, 213, 56, 0, 6, 21, 112, 16, 69, 135, 17, 27, 10, 2]
122.0 84.5931439302264 0.6910129270112398 0.06584043355300176
epsilons: 100 max_epsilon: 0.01 attack_proportion: 0.5
100.0 0.8081494057724957 0.023109243697478993 [16, 6, 2, 27, 69, 131, 40, 0, 0, 18, 61, 18, 20, 108, 14, 36, 15, 8]
320.0 0.6947368421052632 0.00946969696969697 [15, 10, 8, 39, 78, 89, 29, 0, 13, 9, 88, 56, 29, 193, 5, 80, 8, 11]
60.0 0.7813333333333333 0.023890784982935155 [11, 3, 0, 22, 43, 64, 37, 0, 2, 4, 66, 1, 16, 70, 0, 26, 4, 6]
320.0 0.8677494199535963 0.013368983957219251 [14, 10, 51, 26, 139, 87, 28, 0, 0, 15, 115, 54, 36, 195, 2, 47, 11, 32]
40.0 0.7871287128712872 0.02830188679245283 [26, 12, 1, 17, 20, 78, 23, 0, 1, 6, 56, 7, 16, 76, 0, 36, 6, 23]
160.0 0.7215815485996705 0.0045662100456621 [26, 2, 2, 28, 34, 67, 40, 1, 0, 6, 90, 31, 30, 160, 11, 63, 6, 10]
360.0 0.7895812053115424 0.01164294954721863 [14, 1, 4, 20, 128, 202, 68, 0, 5, 22, 171, 26, 35, 177, 29, 47, 11, 19]
300.0 0.6327913279132791 0.017130620985010708 [20, 2, 0, 28, 82, 109, 27, 0, 1, 12, 89, 20, 43, 188, 11, 83, 5, 18]
120.0 0.7367491166077739 0.011990407673860911 [13, 11, 0, 17, 65, 143, 47, 0, 0, 8, 73, 4, 31, 92, 25, 22, 9, 6]
80.0 0.8107638888888888 0.0021413276231263384 [23, 19, 1, 24, 93, 83, 33, 0, 0, 2, 70, 26, 38, 108, 5, 35, 6, 10]
186.0 118.33849753989612 0.7630564801357129 0.06398115924499209
epsilons: 100 max_epsilon: 0.01 attack_proportion: 0.6000000000000001
80.0 0.8222222222222222 0.015765765765765764 [28, 10, 1, 33, 52, 94, 46, 0, 2, 24, 54, 17, 41, 98, 7, 23, 4, 6]
200.0 0.8795888399412628 0.018363939899833055 [5, 11, 2, 47, 64, 127, 62, 0, 9, 20, 105, 7, 14, 139, 5, 40, 7, 17]
20.0 0.8168316831683168 0.021212121212121213 [22, 22, 1, 18, 30, 73, 20, 0, 1, 7, 64, 5, 10, 75, 0, 41, 8, 7]
160.0 0.8622291021671826 0.026929982046678635 [6, 7, 3, 27, 88, 108, 70, 2, 12, 17, 62, 5, 48, 122, 17, 44, 3, 5]
40.0 0.7855227882037533 0.023890784982935155 [5, 5, 0, 17, 22, 77, 42, 2, 11, 10, 62, 5, 9, 63, 2, 29, 9, 3]
20.0 0.7878787878787878 0.03496503496503497 [6, 13, 1, 14, 22, 80, 27, 0, 1, 8, 41, 1, 11, 107, 1, 22, 8, 0]
120.0 0.8309572301425662 0.014705882352941176 [9, 0, 4, 26, 50, 67, 29, 4, 3, 6, 73, 19, 17, 123, 3, 32, 3, 23]
80.0 0.8421052631578947 0.035 [8, 20, 2, 36, 44, 106, 49, 0, 1, 11, 48, 5, 13, 88, 5, 29, 6, 4]
240.0 0.8181818181818182 0.04814814814814815 [20, 3, 0, 25, 110, 145, 34, 0, 14, 12, 79, 13, 33, 119, 13, 25, 2, 13]
60.0 0.8108108108108109 0.011111111111111112 [5, 20, 3, 35, 50, 85, 27, 1, 4, 17, 47, 2, 30, 68, 4, 34, 10, 2]
102.0 72.36021006050217 0.8256328545874616 0.028193463509548725
epsilons: 100 max_epsilon: 0.01 attack_proportion: 0.7000000000000001
160.0 0.9149606299212598 0.012048192771084338 [10, 7, 15, 32, 66, 87, 29, 0, 1, 7, 91, 33, 47, 127, 8, 35, 16, 24]
180.0 0.8819018404907976 0.01565217391304348 [13, 9, 0, 41, 92, 102, 28, 0, 2, 10, 86, 12, 34, 154, 6, 37, 4, 22]
60.0 0.8877952755905512 0.022172949002217297 [2, 3, 1, 28, 42, 84, 31, 0, 0, 5, 85, 34, 9, 124, 0, 40, 6, 14]
40.0 0.8606965174129353 0.008670520231213872 [9, 22, 1, 20, 26, 63, 23, 0, 2, 12, 66, 11, 20, 73, 4, 26, 13, 11]
160.0 0.864951768488746 0.024163568773234202 [2, 12, 4, 34, 121, 112, 56, 0, 2, 21, 58, 18, 30, 111, 6, 26, 6, 3]
160.0 0.890282131661442 0.02464788732394366 [20, 6, 4, 35, 121, 92, 39, 0, 7, 25, 69, 18, 23, 108, 15, 30, 4, 22]
60.0 0.8927911275415896 0.014492753623188406 [21, 20, 4, 16, 59, 77, 27, 1, 0, 4, 95, 22, 14, 101, 4, 45, 9, 22]
160.0 0.8520499108734403 0.01882845188284519 [17, 12, 1, 31, 53, 79, 33, 5, 0, 14, 55, 29, 25, 112, 8, 48, 18, 21]
40.0 0.8557457212713936 0.014285714285714285 [21, 15, 0, 19, 31, 86, 21, 1, 0, 9, 54, 6, 9, 88, 0, 31, 12, 6]
160.0 0.8600682593856656 0.017857142857142856 [16, 13, 3, 37, 73, 115, 53, 0, 7, 9, 56, 9, 23, 97, 4, 48, 13, 10]
118.0 56.178287620752556 0.876124318263782 0.019420557571064624
epsilons: 100 max_epsilon: 0.01 attack_proportion: 0.8
20.0 0.8959537572254336 0.01935483870967742 [28, 15, 1, 16, 61, 75, 29, 1, 0, 5, 99, 13, 28, 92, 1, 43, 4, 8]
120.0 0.9192546583850931 0.015202702702702704 [27, 17, 5, 25, 60, 65, 21, 0, 1, 3, 110, 28, 26, 142, 1, 70, 10, 33]
100.0 0.9185059422750425 0.012939001848428836 [50, 13, 5, 46, 52, 93, 32, 0, 1, 15, 65, 12, 29, 91, 15, 52, 6, 12]
60.0 0.8930131004366813 0.02689486552567237 [1, 14, 1, 35, 65, 88, 38, 0, 2, 16, 52, 6, 15, 76, 8, 27, 8, 6]
180.0 0.902834008097166 0.017937219730941704 [21, 20, 1, 38, 105, 120, 60, 0, 4, 17, 67, 27, 53, 116, 9, 53, 18, 12]
120.0 0.9004149377593361 0.02304147465437788 [5, 22, 2, 40, 44, 73, 58, 0, 0, 13, 57, 1, 30, 89, 1, 25, 16, 6]
360.0 0.9550239234449761 0.017034068136272545 [3, 11, 22, 35, 162, 180, 109, 3, 0, 37, 163, 11, 88, 139, 14, 24, 20, 24]
380.0 0.9275 0.04132973944294699 [39, 28, 6, 49, 163, 204, 99, 1, 3, 40, 178, 37, 60, 179, 14, 52, 11, 37]
240.0 0.937799043062201 0.05102040816326531 [0, 11, 3, 31, 160, 167, 75, 0, 12, 33, 96, 13, 43, 120, 18, 36, 14, 4]
180.0 0.9338959212376934 0.01355421686746988 [9, 17, 2, 39, 117, 83, 65, 1, 8, 20, 79, 15, 31, 132, 9, 58, 11, 15]
176.0 113.77170122662314 0.9184195291923624 0.019378847019152507
epsilons: 100 max_epsilon: 0.01 attack_proportion: 0.9
540.0 0.9744976816074189 0.02696272799365583 [7, 10, 4, 36, 168, 280, 150, 7, 5, 52, 169, 20, 52, 205, 43, 54, 16, 16]
200.0 0.9465408805031447 0.023255813953488372 [11, 17, 1, 42, 101, 112, 39, 1, 3, 26, 77, 13, 18, 99, 20, 35, 10, 11]
160.0 0.9408602150537635 0.02095238095238095 [7, 10, 1, 53, 57, 72, 56, 3, 5, 13, 58, 8, 32, 100, 9, 42, 22, 10]
140.0 0.9482071713147411 0.014005602240896359 [17, 8, 0, 47, 76, 130, 61, 0, 0, 30, 97, 26, 40, 113, 19, 50, 24, 15]
340.0 0.9236902050113895 0.04808877928483354 [12, 22, 0, 46, 108, 152, 99, 1, 3, 18, 97, 9, 63, 164, 24, 45, 11, 4]
100.0 0.9347442680776014 0.013207547169811321 [2, 6, 2, 35, 76, 67, 42, 0, 2, 17, 85, 35, 19, 121, 0, 39, 5, 14]
320.0 0.9585427135678392 0.011795543905635648 [19, 13, 2, 37, 143, 111, 59, 0, 10, 21, 109, 25, 43, 119, 18, 37, 18, 12]
20.0 0.911275415896488 0.02028397565922921 [38, 17, 0, 20, 40, 72, 37, 1, 3, 1, 66, 31, 21, 104, 2, 67, 11, 10]
220.0 0.9408602150537635 0.012857142857142857 [20, 26, 0, 38, 88, 116, 56, 0, 3, 16, 84, 26, 54, 129, 9, 58, 6, 15]
20.0 0.9012345679012346 0.0136986301369863 [9, 8, 2, 21, 28, 72, 39, 0, 2, 4, 83, 1, 15, 74, 3, 27, 17, 0]
206.0 151.53877391611692 0.9380453333987384 0.020564115236213352
epsilons: 100 max_epsilon: 0.01 attack_proportion: 1.0
100.0 1.0 0.012195121951219513 [12, 15, 0, 28, 43, 83, 37, 0, 1, 12, 61, 18, 30, 92, 20, 27, 3, 10]
120.0 1.0 0.013179571663920923 [33, 7, 3, 24, 66, 61, 36, 0, 0, 14, 88, 19, 23, 118, 11, 56, 11, 37]
140.0 1.0 0.012195121951219513 [7, 10, 8, 38, 87, 83, 58, 1, 8, 17, 78, 4, 25, 111, 6, 21, 2, 10]
140.0 1.0 0.034904013961605584 [14, 9, 2, 26, 68, 123, 81, 0, 9, 13, 53, 9, 28, 97, 12, 21, 4, 4]
0.0 1.0 0.013440860215053764 [5, 6, 0, 19, 47, 52, 46, 1, 0, 2, 70, 1, 10, 62, 7, 32, 9, 3]
180.0 1.0 0.018115942028985508 [11, 10, 5, 37, 45, 67, 54, 0, 4, 20, 67, 17, 33, 132, 7, 31, 5, 7]
120.0 1.0 0.012219959266802444 [23, 15, 0, 31, 44, 82, 55, 0, 3, 8, 68, 8, 19, 93, 6, 18, 3, 15]
40.0 1.0 0.031161473087818695 [20, 10, 1, 16, 35, 63, 38, 0, 4, 4, 44, 0, 8, 85, 3, 16, 0, 6]
40.0 1.0 0.02197802197802198 [14, 9, 1, 19, 39, 61, 42, 0, 3, 6, 53, 0, 7, 77, 2, 24, 3, 4]
120.0 1.0 0.013289036544850499 [9, 11, 1, 37, 94, 95, 51, 0, 3, 27, 76, 2, 28, 111, 14, 33, 8, 2]
100.0 52.91502622129181 1.0 0.0
[726.0, 280.0, 258.0, 122.0, 186.0, 102.0, 118.0, 176.0, 206.0, 100.0]
[255.0372521809314, 188.8915032498815, 178.08986495586996, 84.5931439302264, 118.33849753989612, 72.36021006050217, 56.178287620752556, 113.77170122662314, 151.53877391611692, 52.91502622129181]
[0.3376241189051738, 0.5068904782720665, 0.6342856695130245, 0.6910129270112398, 0.7630564801357129, 0.8256328545874616, 0.876124318263782, 0.9184195291923624, 0.9380453333987384, 1.0]
[0.0921033397547241, 0.07376496060416697, 0.07530965557952621, 0.06584043355300176, 0.06398115924499209, 0.028193463509548725, 0.019420557571064624, 0.019378847019152507, 0.020564115236213352, 0.0]
Process 6739 detected
