pygame 1.9.6
Hello from the pygame community. https://www.pygame.org/contribute.html

WARNING: The TensorFlow contrib module will not be included in TensorFlow 2.0.
For more information, please see:
  * https://github.com/tensorflow/community/blob/master/rfcs/20180907-contrib-sunset.md
  * https://github.com/tensorflow/addons
If you depend on functionality not listed there, please file an issue.

Loading pretrained/dqn/Riverraid/1/tf_checkpoints/tf_ckpt-199
Online/Conv/weights:0 (8, 8, 4, 32)  
Online/Conv/biases:0 (32,)          
Online/Conv_1/weights:0 (4, 4, 32, 64) 
Online/Conv_1/biases:0 (64,)          
Online/Conv_2/weights:0 (3, 3, 64, 64) 
Online/Conv_2/biases:0 (64,)          
Online/fully_connected/weights:0 (7744, 512)    
Online/fully_connected/biases:0 (512,)         
Online/fully_connected_1/weights:0 (512, 18)      
Online/fully_connected_1/biases:0 (18,)          
Target/Conv/weights:0 (8, 8, 4, 32)  
Target/Conv/biases:0 (32,)          
Target/Conv_1/weights:0 (4, 4, 32, 64) 
Target/Conv_1/biases:0 (64,)          
Target/Conv_2/weights:0 (3, 3, 64, 64) 
Target/Conv_2/biases:0 (64,)          
Target/fully_connected/weights:0 (7744, 512)    
Target/fully_connected/biases:0 (512,)         
Target/fully_connected_1/weights:0 (512, 18)      
Target/fully_connected_1/biases:0 (18,)          
attacker_policy: attack_large_value
targetted: False visualize: False decreasing_epsilons: False
epsilons: 100 max_epsilons: [0.01] attack_proportions: [0.1 0.2 0.3 0.4 0.5 0.6 0.7 0.8 0.9 1. ]
epsilons: 100 max_epsilon: 0.01 attack_proportion: 0.1
9400.0 0.049204052098408106 0.0 [13, 82, 0, 49, 13, 64, 10, 30, 7, 9, 106, 11, 165, 2, 347, 235, 29, 210]
11860.0 0.027663934426229508 0.0 [77, 33, 1, 41, 7, 192, 6, 53, 11, 29, 158, 19, 233, 2, 451, 280, 70, 289]
9130.0 0.03625815808556925 0.0 [17, 50, 0, 45, 11, 84, 7, 33, 10, 8, 101, 14, 188, 1, 358, 229, 41, 182]
15090.0 0.05043227665706052 0.0 [42, 69, 1, 58, 30, 88, 6, 42, 7, 19, 87, 53, 214, 11, 620, 285, 76, 374]
11640.0 0.03630952380952381 0.0 [22, 56, 1, 71, 16, 118, 3, 40, 3, 24, 81, 32, 226, 2, 420, 226, 69, 270]
9780.0 0.05670103092783505 0.012987012987012988 [19, 70, 0, 49, 9, 71, 8, 23, 13, 6, 63, 15, 164, 6, 356, 210, 43, 233]
8700.0 0.06451612903225806 0.0125 [9, 53, 0, 44, 6, 54, 7, 26, 7, 5, 62, 12, 138, 1, 322, 234, 48, 212]
12500.0 0.04237726098191214 0.04878048780487805 [29, 98, 1, 62, 12, 157, 2, 51, 8, 24, 111, 21, 221, 1, 512, 255, 73, 297]
6130.0 0.11170784103114931 0.0 [21, 12, 0, 36, 13, 38, 27, 19, 4, 0, 22, 20, 82, 5, 277, 143, 27, 185]
3870.0 0.1853932584269663 0.0 [6, 54, 0, 21, 8, 21, 0, 6, 0, 1, 15, 20, 112, 0, 199, 88, 27, 134]
9810.0 3055.4115925681763 0.0660563465476912 0.04555309536609497
epsilons: 100 max_epsilon: 0.01 attack_proportion: 0.2
9340.0 0.07585247042449547 0.027522935779816515 [8, 34, 1, 41, 9, 84, 8, 32, 9, 11, 115, 18, 197, 2, 344, 261, 43, 220]
3480.0 0.15347334410339256 0.05263157894736842 [3, 14, 23, 36, 6, 32, 0, 7, 0, 1, 12, 12, 60, 2, 176, 104, 10, 121]
3040.0 0.1669793621013133 0.011235955056179775 [4, 78, 0, 9, 7, 20, 0, 3, 0, 0, 15, 12, 64, 1, 144, 70, 16, 90]
7930.0 0.073541842772612 0.022988505747126436 [4, 50, 1, 31, 11, 50, 4, 19, 5, 2, 67, 42, 149, 1, 295, 202, 46, 204]
11380.0 0.0914419695193435 0.038461538461538464 [16, 78, 0, 47, 28, 83, 10, 36, 5, 5, 93, 30, 245, 13, 453, 252, 82, 230]
9340.0 0.07787481804949054 0.056074766355140186 [38, 34, 0, 49, 12, 58, 10, 24, 7, 15, 104, 13, 171, 2, 346, 226, 41, 224]
11720.0 0.07861990950226244 0.014388489208633094 [24, 38, 0, 68, 16, 83, 2, 23, 3, 6, 59, 23, 224, 5, 521, 289, 93, 291]
7930.0 0.14596554850407978 0.006211180124223602 [18, 67, 0, 32, 14, 71, 5, 31, 2, 13, 29, 27, 101, 29, 272, 162, 43, 187]
12170.0 0.07150480256136606 0.05223880597014925 [52, 38, 2, 95, 18, 149, 9, 49, 7, 14, 102, 37, 171, 1, 491, 258, 75, 306]
8980.0 0.06318082788671024 0.022988505747126436 [12, 34, 0, 40, 13, 87, 7, 37, 10, 7, 96, 15, 198, 2, 361, 223, 48, 187]
8531.0 2990.4095037302163 0.09984348954250657 0.037321383928698056
epsilons: 100 max_epsilon: 0.01 attack_proportion: 0.30000000000000004
3510.0 0.3220588235294118 0.0136986301369863 [1, 19, 23, 15, 7, 22, 1, 5, 0, 0, 16, 13, 105, 3, 170, 106, 22, 152]
7870.0 0.15932203389830507 0.010638297872340425 [6, 14, 0, 37, 6, 56, 8, 17, 6, 6, 70, 41, 175, 22, 298, 180, 44, 194]
3570.0 0.14086687306501547 0.03296703296703297 [4, 29, 0, 4, 5, 28, 0, 22, 3, 2, 17, 15, 78, 29, 159, 87, 16, 148]
3050.0 0.19389587073608616 0.009259259259259259 [1, 32, 0, 10, 9, 25, 0, 1, 0, 0, 10, 37, 95, 0, 155, 67, 14, 101]
3300.0 0.2876712328767123 0.047619047619047616 [3, 60, 0, 19, 6, 19, 3, 4, 0, 0, 16, 14, 79, 2, 164, 110, 20, 138]
3010.0 0.21129326047358835 0.02586206896551724 [0, 28, 0, 13, 5, 33, 0, 2, 0, 0, 16, 31, 73, 3, 134, 97, 19, 95]
3660.0 0.24930362116991645 0.0335195530726257 [3, 9, 0, 12, 7, 35, 23, 5, 0, 1, 20, 19, 69, 3, 267, 112, 23, 110]
2830.0 0.2328767123287671 0.014705882352941176 [2, 18, 0, 18, 6, 25, 0, 3, 0, 0, 6, 33, 60, 2, 148, 114, 11, 138]
2980.0 0.17896678966789667 0.020618556701030927 [0, 31, 0, 55, 5, 19, 0, 4, 0, 0, 9, 11, 63, 1, 114, 97, 24, 109]
5000.0 0.14373464373464373 0.02564102564102564 [6, 31, 2, 22, 7, 26, 0, 7, 0, 1, 18, 39, 113, 1, 244, 128, 27, 142]
3878.0 1454.3232102940528 0.2119989861480343 0.057949096688154886
epsilons: 100 max_epsilon: 0.01 attack_proportion: 0.4
3110.0 0.14308426073131955 0.011111111111111112 [3, 18, 1, 8, 7, 27, 8, 6, 0, 0, 15, 15, 80, 2, 196, 91, 16, 136]
3390.0 0.14553990610328638 0.043010752688172046 [6, 13, 0, 9, 5, 20, 0, 16, 0, 0, 17, 41, 90, 1, 165, 87, 19, 150]
4250.0 0.20784729586426298 0.02040816326530612 [4, 34, 1, 17, 6, 60, 9, 29, 5, 1, 49, 33, 83, 5, 239, 157, 20, 191]
3120.0 0.1689497716894977 0.06306306306306306 [6, 8, 0, 8, 7, 34, 2, 15, 1, 1, 27, 14, 56, 5, 235, 103, 23, 112]
3500.0 0.20489690721649484 0.006289308176100629 [3, 30, 21, 14, 7, 67, 5, 12, 4, 3, 28, 16, 93, 3, 215, 121, 17, 117]
2830.0 0.26422018348623855 0.027777777777777776 [0, 32, 0, 11, 7, 29, 2, 4, 0, 0, 1, 33, 83, 0, 164, 82, 20, 77]
3440.0 0.17673716012084592 0.05128205128205128 [7, 29, 0, 7, 6, 35, 2, 15, 2, 0, 22, 34, 68, 3, 173, 82, 16, 161]
3060.0 0.34789156626506024 0.021645021645021644 [4, 43, 0, 15, 5, 44, 1, 6, 0, 0, 13, 18, 93, 3, 168, 119, 15, 117]
3080.0 0.3503184713375796 0.01818181818181818 [23, 26, 0, 24, 7, 24, 1, 7, 0, 0, 16, 13, 77, 2, 159, 118, 14, 117]
3970.0 0.16932515337423312 0.014492753623188406 [3, 12, 0, 11, 9, 38, 1, 15, 3, 0, 36, 27, 76, 8, 235, 160, 15, 166]
3375.0 419.3149174546501 0.21788106761888187 0.07357414623493408
epsilons: 100 max_epsilon: 0.01 attack_proportion: 0.5
2660.0 0.23345588235294118 0.031496062992125984 [4, 13, 1, 9, 6, 35, 1, 12, 0, 1, 6, 4, 78, 3, 185, 57, 17, 112]
3650.0 0.23150684931506849 0.05917159763313609 [3, 9, 1, 3, 8, 28, 1, 15, 3, 0, 45, 16, 91, 8, 212, 94, 20, 173]
3290.0 0.17354196301564723 0.01639344262295082 [4, 11, 0, 12, 5, 32, 0, 16, 0, 0, 25, 46, 73, 1, 208, 90, 16, 164]
3570.0 0.27293844367015097 0.02553191489361702 [6, 14, 1, 14, 6, 49, 1, 20, 3, 0, 43, 17, 85, 5, 234, 146, 22, 195]
3360.0 0.26403061224489793 0.033816425120772944 [12, 36, 0, 32, 6, 38, 3, 15, 5, 0, 31, 29, 83, 5, 191, 115, 24, 159]
3480.0 0.21688500727802038 0.053691275167785234 [6, 12, 1, 31, 7, 28, 2, 22, 0, 0, 20, 16, 80, 6, 169, 102, 15, 170]
3950.0 0.25387365911799764 0.03286384976525822 [8, 7, 2, 12, 9, 35, 1, 16, 3, 1, 41, 21, 98, 6, 230, 153, 17, 179]
3590.0 0.22842639593908629 0.016666666666666666 [6, 11, 0, 11, 8, 39, 2, 20, 1, 0, 32, 45, 89, 7, 203, 149, 20, 145]
4080.0 0.2458628841607565 0.02403846153846154 [3, 18, 0, 17, 7, 30, 1, 18, 4, 0, 31, 43, 92, 6, 218, 140, 18, 200]
3730.0 0.330188679245283 0.036734693877551024 [9, 37, 1, 12, 15, 53, 4, 10, 0, 2, 14, 17, 137, 5, 168, 134, 22, 102]
3536.0 372.0268807492276 0.24507103763398494 0.03868589901382917
epsilons: 100 max_epsilon: 0.01 attack_proportion: 0.6000000000000001
3290.0 0.32262382864792505 0.058091286307053944 [4, 8, 0, 11, 30, 24, 2, 16, 3, 1, 16, 38, 104, 6, 201, 94, 26, 163]
2850.0 0.2986798679867987 0.04419889502762431 [5, 38, 1, 5, 30, 23, 0, 9, 1, 0, 10, 28, 91, 11, 154, 74, 19, 107]
3270.0 0.44011976047904194 0.030612244897959183 [2, 16, 1, 12, 6, 35, 2, 8, 0, 0, 14, 17, 150, 0, 194, 92, 22, 97]
2860.0 0.2466765140324963 0.04790419161676647 [4, 12, 1, 10, 7, 27, 1, 11, 0, 0, 52, 37, 73, 9, 164, 92, 16, 161]
3370.0 0.29394387001477107 0.07537688442211055 [5, 10, 1, 4, 7, 25, 1, 20, 0, 0, 9, 32, 84, 4, 178, 114, 15, 168]
2830.0 0.4141732283464567 0.030418250950570342 [4, 58, 0, 7, 6, 34, 1, 5, 0, 0, 7, 20, 71, 4, 163, 110, 28, 117]
3360.0 0.33542713567839194 0.03745318352059925 [6, 51, 0, 8, 5, 42, 3, 14, 2, 3, 46, 24, 93, 7, 194, 111, 16, 171]
3340.0 0.3389221556886228 0.045936395759717315 [8, 13, 0, 19, 5, 42, 4, 19, 6, 2, 14, 23, 96, 8, 231, 148, 20, 177]
3720.0 0.33849821215733017 0.03169014084507042 [11, 17, 1, 11, 7, 34, 2, 15, 3, 0, 45, 25, 87, 10, 225, 129, 18, 199]
3360.0 0.2523076923076923 0.042682926829268296 [7, 9, 1, 5, 7, 14, 0, 9, 1, 0, 17, 12, 72, 9, 185, 100, 21, 181]
3225.0 274.1988329661525 0.3281372265339527 0.05888325238387156
epsilons: 100 max_epsilon: 0.01 attack_proportion: 0.7000000000000001
2360.0 0.4844517184942717 0.04391891891891892 [6, 10, 1, 2, 17, 44, 0, 7, 2, 1, 20, 39, 101, 1, 145, 95, 20, 100]
2290.0 0.3826955074875208 0.034782608695652174 [7, 14, 0, 6, 7, 29, 3, 5, 0, 0, 5, 13, 119, 4, 184, 83, 28, 94]
2500.0 0.46153846153846156 0.05 [10, 11, 4, 8, 7, 44, 1, 18, 3, 1, 14, 14, 95, 5, 154, 94, 17, 150]
1940.0 0.3688811188811189 0.03317535545023697 [5, 8, 3, 10, 5, 56, 0, 17, 0, 0, 8, 11, 52, 24, 179, 68, 17, 109]
3000.0 0.46808510638297873 0.048484848484848485 [30, 11, 0, 18, 14, 43, 3, 33, 2, 0, 22, 31, 114, 3, 152, 83, 35, 111]
2420.0 0.4049586776859504 0.0326530612244898 [8, 10, 0, 11, 7, 26, 1, 13, 0, 0, 20, 40, 73, 9, 137, 95, 16, 139]
2530.0 0.4 0.03278688524590164 [3, 14, 2, 31, 5, 24, 1, 9, 0, 2, 18, 7, 70, 5, 142, 134, 19, 124]
1000.0 0.5892857142857143 0.03787878787878788 [24, 13, 0, 22, 8, 39, 0, 2, 0, 1, 4, 1, 96, 0, 85, 82, 17, 54]
2450.0 0.38819875776397517 0.048 [7, 9, 1, 7, 7, 33, 2, 12, 1, 0, 21, 35, 69, 8, 151, 108, 15, 158]
3360.0 0.4292803970223325 0.023121387283236993 [9, 12, 1, 10, 9, 31, 1, 10, 3, 0, 33, 22, 122, 10, 223, 153, 26, 131]
2385.0 591.1387316019819 0.4377375459542324 0.06279454138554592
epsilons: 100 max_epsilon: 0.01 attack_proportion: 0.8
420.0 0.78125 0.03636363636363636 [7, 12, 0, 2, 5, 36, 0, 2, 0, 0, 26, 3, 86, 1, 72, 40, 9, 51]
1000.0 0.7040816326530612 0.0463768115942029 [8, 36, 0, 7, 7, 41, 21, 3, 0, 0, 6, 8, 86, 1, 91, 79, 22, 74]
880.0 0.6286549707602339 0.03255813953488372 [3, 15, 0, 6, 22, 53, 0, 1, 0, 0, 4, 1, 74, 0, 79, 33, 9, 42]
670.0 0.6842105263157895 0.05351170568561873 [24, 15, 0, 2, 9, 39, 4, 5, 0, 0, 8, 8, 75, 0, 64, 103, 14, 67]
780.0 0.7095435684647303 0.07309941520467836 [2, 13, 0, 6, 7, 39, 0, 11, 0, 0, 8, 7, 101, 21, 78, 53, 32, 104]
2260.0 0.507563025210084 0.039735099337748346 [13, 9, 0, 10, 7, 33, 1, 10, 1, 0, 20, 41, 67, 4, 121, 72, 23, 163]
1790.0 0.6634050880626223 0.04129793510324484 [7, 10, 0, 2, 11, 56, 0, 5, 0, 0, 8, 23, 98, 1, 129, 79, 10, 72]
920.0 0.6808510638297872 0.06944444444444445 [29, 12, 0, 4, 29, 38, 0, 3, 0, 0, 6, 2, 85, 0, 58, 45, 27, 85]
970.0 0.7268292682926829 0.03691275167785235 [3, 8, 0, 4, 29, 38, 2, 3, 0, 0, 4, 4, 100, 0, 84, 23, 18, 90]
2200.0 0.5543964232488823 0.06451612903225806 [7, 38, 2, 3, 42, 39, 1, 9, 0, 5, 14, 14, 133, 4, 162, 69, 46, 83]
1189.0 617.2430639545495 0.6640785566837873 0.07733258789391034
epsilons: 100 max_epsilon: 0.01 attack_proportion: 0.9
420.0 0.7105263157894737 0.06349206349206349 [2, 7, 0, 0, 5, 26, 0, 1, 0, 0, 0, 24, 58, 23, 46, 10, 6, 58]
1350.0 0.7915831663326653 0.05822784810126582 [5, 9, 0, 7, 9, 53, 23, 9, 0, 0, 6, 15, 112, 2, 79, 45, 26, 99]
530.0 0.8198614318706697 0.05352112676056338 [8, 13, 0, 7, 7, 46, 1, 1, 0, 0, 9, 33, 74, 2, 69, 79, 19, 65]
360.0 0.7866666666666666 0.0711864406779661 [4, 16, 0, 3, 7, 31, 0, 1, 0, 0, 5, 1, 71, 0, 67, 83, 9, 77]
1280.0 0.8592057761732852 0.058823529411764705 [14, 32, 3, 9, 6, 47, 1, 8, 0, 0, 6, 15, 89, 3, 99, 110, 37, 75]
420.0 0.7897574123989218 0.04778156996587031 [3, 16, 0, 4, 11, 35, 21, 3, 0, 0, 4, 5, 65, 1, 63, 42, 9, 89]
580.0 0.7769028871391076 0.033783783783783786 [7, 14, 1, 4, 6, 32, 24, 2, 1, 0, 6, 0, 78, 0, 54, 84, 11, 57]
530.0 0.7984496124031008 0.042071197411003236 [4, 9, 0, 1, 9, 46, 22, 2, 1, 0, 5, 5, 91, 0, 76, 57, 14, 45]
380.0 0.6431095406360424 0.07692307692307693 [1, 29, 0, 2, 6, 31, 20, 0, 0, 0, 2, 2, 62, 0, 42, 15, 8, 63]
1090.0 0.8490566037735849 0.057777777777777775 [7, 15, 0, 6, 27, 61, 0, 4, 0, 0, 16, 9, 123, 3, 69, 83, 34, 73]
694.0 368.4616669342959 0.7825119413183518 0.06062804385338551
epsilons: 100 max_epsilon: 0.01 attack_proportion: 1.0
520.0 1.0 0.046153846153846156 [3, 13, 19, 1, 5, 33, 0, 0, 0, 0, 7, 2, 67, 0, 94, 27, 6, 48]
580.0 1.0 0.06077348066298342 [17, 51, 0, 1, 6, 41, 1, 4, 0, 0, 5, 8, 64, 1, 43, 33, 12, 75]
1320.0 1.0 0.0456140350877193 [2, 15, 0, 9, 8, 44, 6, 5, 0, 0, 49, 13, 108, 1, 113, 63, 38, 96]
600.0 1.0 0.05730659025787966 [6, 38, 0, 4, 7, 38, 0, 4, 0, 0, 5, 0, 116, 1, 52, 27, 11, 40]
860.0 1.0 0.047619047619047616 [9, 6, 0, 3, 7, 63, 0, 5, 1, 0, 8, 21, 116, 0, 109, 66, 25, 86]
1000.0 1.0 0.053231939163498096 [16, 13, 1, 8, 9, 60, 2, 4, 1, 0, 13, 11, 92, 28, 112, 61, 26, 69]
440.0 1.0 0.03389830508474576 [4, 8, 0, 3, 7, 27, 1, 0, 0, 0, 3, 1, 92, 0, 67, 38, 6, 38]
420.0 1.0 0.04509283819628647 [4, 18, 0, 24, 7, 44, 23, 2, 0, 0, 11, 4, 96, 0, 28, 49, 14, 53]
440.0 1.0 0.052770448548812667 [5, 16, 2, 1, 8, 38, 0, 23, 0, 0, 12, 4, 72, 2, 57, 60, 11, 68]
1150.0 1.0 0.04216867469879518 [8, 32, 0, 9, 7, 57, 21, 5, 0, 0, 16, 14, 80, 0, 99, 67, 19, 64]
733.0 310.16286044592766 1.0 0.0
[9810.0, 8531.0, 3878.0, 3375.0, 3536.0, 3225.0, 2385.0, 1189.0, 694.0, 733.0]
[3055.4115925681763, 2990.4095037302163, 1454.3232102940528, 419.3149174546501, 372.0268807492276, 274.1988329661525, 591.1387316019819, 617.2430639545495, 368.4616669342959, 310.16286044592766]
[0.0660563465476912, 0.09984348954250657, 0.2119989861480343, 0.21788106761888187, 0.24507103763398494, 0.3281372265339527, 0.4377375459542324, 0.6640785566837873, 0.7825119413183518, 1.0]
[0.04555309536609497, 0.037321383928698056, 0.057949096688154886, 0.07357414623493408, 0.03868589901382917, 0.05888325238387156, 0.06279454138554592, 0.07733258789391034, 0.06062804385338551, 0.0]
Process 42161 detected
