pygame 1.9.6
Hello from the pygame community. https://www.pygame.org/contribute.html

WARNING: The TensorFlow contrib module will not be included in TensorFlow 2.0.
For more information, please see:
  * https://github.com/tensorflow/community/blob/master/rfcs/20180907-contrib-sunset.md
  * https://github.com/tensorflow/addons
If you depend on functionality not listed there, please file an issue.

Loading pretrained/dqn/SpaceInvaders/1/tf_checkpoints/tf_ckpt-199
Online/Conv/weights:0 (8, 8, 4, 32)  
Online/Conv/biases:0 (32,)          
Online/Conv_1/weights:0 (4, 4, 32, 64) 
Online/Conv_1/biases:0 (64,)          
Online/Conv_2/weights:0 (3, 3, 64, 64) 
Online/Conv_2/biases:0 (64,)          
Online/fully_connected/weights:0 (7744, 512)    
Online/fully_connected/biases:0 (512,)         
Online/fully_connected_1/weights:0 (512, 6)       
Online/fully_connected_1/biases:0 (6,)           
Target/Conv/weights:0 (8, 8, 4, 32)  
Target/Conv/biases:0 (32,)          
Target/Conv_1/weights:0 (4, 4, 32, 64) 
Target/Conv_1/biases:0 (64,)          
Target/Conv_2/weights:0 (3, 3, 64, 64) 
Target/Conv_2/biases:0 (64,)          
Target/fully_connected/weights:0 (7744, 512)    
Target/fully_connected/biases:0 (512,)         
Target/fully_connected_1/weights:0 (512, 6)       
Target/fully_connected_1/biases:0 (6,)           
Loading pretrained/dqn/SpaceInvaders/5/tf_checkpoints/tf_ckpt-199
Online/Conv/weights:0 (8, 8, 4, 32)  
Online/Conv/biases:0 (32,)          
Online/Conv_1/weights:0 (4, 4, 32, 64) 
Online/Conv_1/biases:0 (64,)          
Online/Conv_2/weights:0 (3, 3, 64, 64) 
Online/Conv_2/biases:0 (64,)          
Online/fully_connected/weights:0 (7744, 512)    
Online/fully_connected/biases:0 (512,)         
Online/fully_connected_1/weights:0 (512, 6)       
Online/fully_connected_1/biases:0 (6,)           
Target/Conv/weights:0 (8, 8, 4, 32)  
Target/Conv/biases:0 (32,)          
Target/Conv_1/weights:0 (4, 4, 32, 64) 
Target/Conv_1/biases:0 (64,)          
Target/Conv_2/weights:0 (3, 3, 64, 64) 
Target/Conv_2/biases:0 (64,)          
Target/fully_connected/weights:0 (7744, 512)    
Target/fully_connected/biases:0 (512,)         
Target/fully_connected_1/weights:0 (512, 6)       
Target/fully_connected_1/biases:0 (6,)           
Performing blockbox attack (perturbation is computed by source model)
attacker_policy: attack_large_prob_gap
targetted: False visualize: False decreasing_epsilons: True
epsilons: 100 max_epsilons: [0.01] attack_proportions: [0.1 0.2 0.3 0.4 0.5 0.6 0.7 0.8 0.9 1. ]
epsilons: 100 max_epsilon: 0.01 attack_proportion: 0.1
1230.0 0.10475578406169665 0.49693251533742333 [228, 177, 161, 89, 368, 533]
575.0 0.09367945823927765 0.40963855421686746 [103, 99, 60, 111, 224, 289]
970.0 0.13247863247863248 0.521505376344086 [279, 147, 113, 139, 372, 354]
520.0 0.07493540051679587 0.6379310344827587 [76, 52, 24, 85, 307, 230]
285.0 0.08009153318077804 0.5142857142857142 [68, 1, 11, 15, 199, 143]
965.0 0.12203876525484565 0.5352941176470588 [186, 176, 103, 165, 410, 353]
515.0 0.08437067773167359 0.5573770491803278 [80, 48, 83, 57, 211, 244]
600.0 0.11413612565445026 0.4036697247706422 [145, 68, 76, 112, 232, 322]
485.0 0.06240713224368499 0.4523809523809524 [73, 55, 16, 74, 220, 235]
315.0 0.06313645621181263 0.6774193548387096 [70, 23, 17, 30, 195, 156]
646.0 292.19685145463154 0.09320299655736479 0.023199082831089145
epsilons: 100 max_epsilon: 0.01 attack_proportion: 0.2
600.0 0.18138424821002386 0.4934210526315789 [107, 89, 79, 70, 176, 317]
600.0 0.21683967704728951 0.5106382978723404 [91, 60, 54, 121, 212, 329]
470.0 0.15780141843971632 0.5730337078651685 [75, 26, 29, 6, 222, 206]
300.0 0.2136150234741784 0.5714285714285714 [78, 26, 52, 7, 137, 126]
380.0 0.17158671586715868 0.5376344086021505 [66, 24, 51, 22, 228, 151]
460.0 0.2336328626444159 0.6263736263736264 [75, 39, 38, 120, 343, 164]
1415.0 0.15823817292006526 0.5721649484536082 [155, 110, 111, 74, 364, 412]
805.0 0.20065430752453653 0.5489130434782609 [83, 126, 71, 87, 293, 257]
415.0 0.14906832298136646 0.625 [102, 38, 34, 61, 243, 166]
430.0 0.18181818181818182 0.509090909090909 [78, 62, 26, 28, 215, 196]
587.5 307.03623564654384 0.18646389309269326 0.02715055230781657
epsilons: 100 max_epsilon: 0.01 attack_proportion: 0.30000000000000004
260.0 0.26 0.5734265734265734 [76, 9, 66, 37, 249, 113]
425.0 0.3182552504038772 0.583756345177665 [59, 23, 48, 92, 286, 111]
385.0 0.4072727272727273 0.5758928571428571 [48, 13, 54, 19, 276, 140]
305.0 0.31643356643356646 0.569060773480663 [50, 36, 65, 64, 214, 143]
575.0 0.2707240293809024 0.5387596899224806 [99, 124, 48, 53, 264, 365]
1185.0 0.302275960170697 0.4964705882352941 [156, 212, 107, 87, 408, 436]
640.0 0.28469387755102044 0.4910394265232975 [86, 84, 92, 56, 345, 317]
360.0 0.28368794326241137 0.69375 [56, 40, 40, 41, 243, 144]
330.0 0.29250457038391225 0.58125 [60, 34, 30, 19, 208, 196]
800.0 0.29218573046432617 0.5271317829457365 [88, 115, 71, 59, 186, 364]
526.5 272.10338108887953 0.302803365532344 0.03887419839663899
epsilons: 100 max_epsilon: 0.01 attack_proportion: 0.4
640.0 0.32105263157894737 0.5437158469945356 [152, 90, 80, 97, 314, 407]
445.0 0.34375 0.5636363636363636 [39, 31, 30, 18, 315, 207]
600.0 0.39845758354755784 0.5451612903225806 [98, 43, 43, 98, 262, 234]
200.0 0.4478021978021978 0.6380368098159509 [34, 2, 19, 23, 194, 92]
585.0 0.3425827107790822 0.4454828660436137 [83, 70, 98, 111, 284, 291]
130.0 0.4190751445086705 0.6689655172413793 [23, 1, 24, 8, 190, 100]
655.0 0.44558258642765686 0.5747126436781609 [58, 60, 65, 59, 362, 177]
600.0 0.41961231470923605 0.5081521739130435 [103, 43, 83, 85, 286, 277]
360.0 0.5131375579598145 0.5391566265060241 [39, 17, 57, 67, 289, 178]
180.0 0.4005167958656331 0.4258064516129032 [35, 2, 33, 47, 155, 115]
439.5 196.512722234465 0.4051569523178797 0.05508323926933221
epsilons: 100 max_epsilon: 0.01 attack_proportion: 0.5
355.0 0.5777777777777777 0.5266272189349113 [47, 17, 70, 71, 217, 163]
70.0 0.446524064171123 0.592814371257485 [26, 19, 24, 19, 181, 105]
350.0 0.4565868263473054 0.5508196721311476 [42, 24, 63, 51, 298, 190]
460.0 0.43366093366093367 0.5014164305949008 [90, 76, 68, 80, 284, 216]
380.0 0.5008787346221442 0.5684210526315789 [95, 20, 48, 41, 231, 134]
400.0 0.48863636363636365 0.5647840531561462 [55, 33, 69, 34, 266, 159]
515.0 0.5228604923798359 0.5291479820627802 [67, 78, 99, 80, 345, 184]
575.0 0.4757185332011893 0.47708333333333336 [75, 89, 76, 94, 365, 310]
305.0 0.5283757338551859 0.6074074074074074 [78, 11, 75, 38, 213, 96]
525.0 0.47593582887700536 0.5101123595505618 [46, 56, 106, 112, 345, 270]
393.5 136.1993024945429 0.49069552885288636 0.04117677101987893
epsilons: 100 max_epsilon: 0.01 attack_proportion: 0.6000000000000001
190.0 0.6108374384236454 0.5362903225806451 [11, 1, 88, 37, 171, 98]
600.0 0.5790849673202615 0.5507900677200903 [58, 38, 104, 60, 272, 233]
315.0 0.7004754358161648 0.5067873303167421 [28, 36, 131, 89, 219, 128]
820.0 0.6384388807069219 0.4913494809688581 [82, 83, 176, 138, 446, 433]
580.0 0.6363636363636364 0.5671641791044776 [57, 52, 116, 53, 275, 184]
400.0 0.6949152542372882 0.5388026607538803 [43, 19, 79, 73, 269, 166]
355.0 0.7487046632124352 0.5467128027681661 [24, 17, 195, 146, 243, 147]
410.0 0.5660621761658031 0.5102974828375286 [36, 41, 95, 49, 352, 199]
405.0 0.5970149253731343 0.5181818181818182 [48, 69, 79, 57, 279, 205]
580.0 0.5317365269461077 0.5315315315315315 [69, 72, 103, 90, 275, 226]
465.5 170.8134947830528 0.6303633904565399 0.06416640813074637
epsilons: 100 max_epsilon: 0.01 attack_proportion: 0.7000000000000001
170.0 0.6759776536312849 0.6942148760330579 [10, 6, 22, 20, 204, 96]
535.0 0.7201946472019465 0.5118243243243243 [51, 56, 112, 100, 283, 220]
390.0 0.687012987012987 0.5066162570888468 [39, 38, 90, 93, 309, 201]
165.0 0.7478813559322034 0.5495750708215298 [21, 8, 68, 65, 198, 112]
650.0 0.6059907834101382 0.5114068441064639 [55, 99, 123, 58, 280, 253]
610.0 0.6897347174163783 0.540133779264214 [65, 49, 95, 137, 306, 215]
1085.0 0.6609442060085837 0.4945887445887446 [87, 155, 189, 134, 353, 480]
550.0 0.6912045889101338 0.5532503457814661 [48, 76, 110, 127, 345, 340]
370.0 0.794841735052755 0.5693215339233039 [43, 12, 188, 150, 271, 189]
320.0 0.677734375 0.5821325648414986 [25, 11, 71, 44, 226, 135]
484.5 257.03550338426015 0.6951517049576411 0.048215827173327244
epsilons: 100 max_epsilon: 0.01 attack_proportion: 0.8
315.0 0.7992021276595744 0.5291181364392679 [77, 43, 100, 99, 274, 159]
420.0 0.8378839590443686 0.48268839103869654 [32, 17, 105, 85, 209, 138]
190.0 0.8533604887983707 0.5250596658711217 [14, 10, 59, 66, 222, 120]
925.0 0.776536312849162 0.5335731414868106 [69, 48, 106, 155, 334, 362]
670.0 0.8082368082368082 0.42197452229299365 [41, 46, 98, 122, 294, 176]
355.0 0.8557312252964426 0.5404157043879908 [18, 0, 106, 44, 204, 134]
500.0 0.800976800976801 0.5137195121951219 [47, 26, 84, 117, 332, 213]
345.0 0.8620689655172413 0.5133333333333333 [33, 22, 72, 81, 330, 158]
140.0 0.8677685950413223 0.6 [24, 12, 54, 50, 226, 118]
185.0 0.8627858627858628 0.5397590361445783 [13, 10, 96, 56, 192, 114]
404.5 229.98315155680427 0.8324551146205955 0.03140437043699825
epsilons: 100 max_epsilon: 0.01 attack_proportion: 0.9
320.0 0.8774566473988439 0.48221343873517786 [80, 31, 155, 121, 256, 222]
530.0 0.8686046511627907 0.5247657295850067 [62, 31, 101, 143, 300, 223]
310.0 0.9269162210338681 0.5230769230769231 [27, 14, 104, 99, 169, 148]
290.0 0.9305949008498584 0.4931506849315068 [33, 34, 114, 91, 280, 154]
290.0 0.9146567717996289 0.59026369168357 [37, 18, 60, 65, 248, 111]
345.0 0.891644908616188 0.5197657393850659 [45, 60, 148, 73, 219, 221]
380.0 0.930379746835443 0.4931972789115646 [31, 10, 103, 137, 187, 164]
415.0 0.8703448275862069 0.5784469096671949 [29, 11, 98, 106, 273, 208]
400.0 0.9312 0.48625429553264604 [28, 10, 94, 100, 221, 172]
240.0 0.9129746835443038 0.4662045060658579 [27, 23, 78, 82, 247, 175]
352.0 78.61933604400383 0.9054773358827133 0.024664060285193773
epsilons: 100 max_epsilon: 0.01 attack_proportion: 1.0
365.0 1.0 0.5545454545454546 [43, 21, 117, 115, 245, 229]
175.0 1.0 0.5740740740740741 [20, 6, 63, 66, 174, 103]
245.0 1.0 0.5202312138728323 [35, 10, 100, 59, 187, 128]
775.0 1.0 0.4421906693711968 [21, 78, 154, 76, 261, 396]
555.0 1.0 0.5375972342264477 [62, 55, 134, 171, 293, 442]
240.0 1.0 0.5649819494584838 [17, 19, 96, 51, 220, 151]
285.0 1.0 0.5598006644518272 [10, 11, 141, 76, 201, 163]
515.0 1.0 0.4592901878914405 [48, 60, 122, 190, 274, 264]
450.0 1.0 0.4952681388012618 [29, 40, 148, 125, 324, 285]
100.0 1.0 0.678082191780822 [3, 1, 56, 21, 102, 109]
370.5 194.0032216227349 1.0 0.0
[646.0, 587.5, 526.5, 439.5, 393.5, 465.5, 484.5, 404.5, 352.0, 370.5]
[292.19685145463154, 307.03623564654384, 272.10338108887953, 196.512722234465, 136.1993024945429, 170.8134947830528, 257.03550338426015, 229.98315155680427, 78.61933604400383, 194.0032216227349]
[0.09320299655736479, 0.18646389309269326, 0.302803365532344, 0.4051569523178797, 0.49069552885288636, 0.6303633904565399, 0.6951517049576411, 0.8324551146205955, 0.9054773358827133, 1.0]
[0.023199082831089145, 0.02715055230781657, 0.03887419839663899, 0.05508323926933221, 0.04117677101987893, 0.06416640813074637, 0.048215827173327244, 0.03140437043699825, 0.024664060285193773, 0.0]
Process 175923 detected
