pygame 1.9.6
Hello from the pygame community. https://www.pygame.org/contribute.html

WARNING: The TensorFlow contrib module will not be included in TensorFlow 2.0.
For more information, please see:
  * https://github.com/tensorflow/community/blob/master/rfcs/20180907-contrib-sunset.md
  * https://github.com/tensorflow/addons
If you depend on functionality not listed there, please file an issue.

Loading pretrained/dqn/SpaceInvaders/1/tf_checkpoints/tf_ckpt-199
Online/Conv/weights:0 (8, 8, 4, 32)  
Online/Conv/biases:0 (32,)          
Online/Conv_1/weights:0 (4, 4, 32, 64) 
Online/Conv_1/biases:0 (64,)          
Online/Conv_2/weights:0 (3, 3, 64, 64) 
Online/Conv_2/biases:0 (64,)          
Online/fully_connected/weights:0 (7744, 512)    
Online/fully_connected/biases:0 (512,)         
Online/fully_connected_1/weights:0 (512, 6)       
Online/fully_connected_1/biases:0 (6,)           
Target/Conv/weights:0 (8, 8, 4, 32)  
Target/Conv/biases:0 (32,)          
Target/Conv_1/weights:0 (4, 4, 32, 64) 
Target/Conv_1/biases:0 (64,)          
Target/Conv_2/weights:0 (3, 3, 64, 64) 
Target/Conv_2/biases:0 (64,)          
Target/fully_connected/weights:0 (7744, 512)    
Target/fully_connected/biases:0 (512,)         
Target/fully_connected_1/weights:0 (512, 6)       
Target/fully_connected_1/biases:0 (6,)           
Loading pretrained/dqn/SpaceInvaders/5/tf_checkpoints/tf_ckpt-199
Online/Conv/weights:0 (8, 8, 4, 32)  
Online/Conv/biases:0 (32,)          
Online/Conv_1/weights:0 (4, 4, 32, 64) 
Online/Conv_1/biases:0 (64,)          
Online/Conv_2/weights:0 (3, 3, 64, 64) 
Online/Conv_2/biases:0 (64,)          
Online/fully_connected/weights:0 (7744, 512)    
Online/fully_connected/biases:0 (512,)         
Online/fully_connected_1/weights:0 (512, 6)       
Online/fully_connected_1/biases:0 (6,)           
Target/Conv/weights:0 (8, 8, 4, 32)  
Target/Conv/biases:0 (32,)          
Target/Conv_1/weights:0 (4, 4, 32, 64) 
Target/Conv_1/biases:0 (64,)          
Target/Conv_2/weights:0 (3, 3, 64, 64) 
Target/Conv_2/biases:0 (64,)          
Target/fully_connected/weights:0 (7744, 512)    
Target/fully_connected/biases:0 (512,)         
Target/fully_connected_1/weights:0 (512, 6)       
Target/fully_connected_1/biases:0 (6,)           
Performing blockbox attack (perturbation is computed by source model)
attacker_policy: attack_large_value
targetted: False visualize: False decreasing_epsilons: True
epsilons: 100 max_epsilons: [0.01] attack_proportions: [0.1 0.2 0.3 0.4 0.5 0.6 0.7 0.8 0.9 1. ]
epsilons: 100 max_epsilon: 0.01 attack_proportion: 0.1
1035.0 0.0549645390070922 0.3225806451612903 [234, 126, 80, 76, 317, 295]
1125.0 0.06295559973492379 0.45263157894736844 [220, 150, 181, 102, 409, 447]
600.0 0.04774193548387097 0.3783783783783784 [108, 72, 55, 86, 249, 205]
1265.0 0.07856272838002436 0.5193798449612403 [276, 132, 112, 134, 391, 597]
990.0 0.0659253375694996 0.4578313253012048 [166, 149, 156, 95, 338, 355]
2070.0 0.08292898103220114 0.4148936170212766 [301, 215, 190, 237, 615, 709]
1545.0 0.09665427509293681 0.45604395604395603 [268, 213, 198, 175, 500, 529]
1550.0 0.09944751381215469 0.5432098765432098 [236, 193, 120, 117, 482, 481]
600.0 0.0502092050209205 0.5277777777777778 [65, 95, 38, 72, 161, 286]
1255.0 0.06949270326615706 0.55 [159, 275, 157, 98, 358, 392]
1203.5 424.55888873040925 0.07088828183997811 0.017291156005849965
epsilons: 100 max_epsilon: 0.01 attack_proportion: 0.2
385.0 0.1447587354409318 0.5172413793103449 [61, 13, 34, 50, 256, 187]
875.0 0.14038461538461539 0.4863013698630137 [197, 133, 73, 36, 286, 315]
1985.0 0.17206982543640897 0.5096618357487923 [283, 305, 221, 247, 761, 589]
475.0 0.08679245283018867 0.5072463768115942 [50, 166, 61, 71, 226, 221]
2090.0 0.1222011385199241 0.4161490683229814 [365, 234, 314, 301, 690, 731]
630.0 0.08618504435994931 0.5294117647058824 [120, 109, 25, 43, 251, 241]
1615.0 0.1641949152542373 0.46774193548387094 [218, 264, 134, 134, 515, 623]
835.0 0.14492753623188406 0.49473684210526314 [188, 104, 99, 171, 415, 334]
1230.0 0.11376021798365123 0.437125748502994 [255, 138, 137, 130, 383, 425]
1445.0 0.0869281045751634 0.46616541353383456 [183, 211, 178, 105, 400, 453]
1156.5 581.0466848713621 0.12622025860169542 0.030514215119437228
epsilons: 100 max_epsilon: 0.01 attack_proportion: 0.30000000000000004
1230.0 0.17979197622585438 0.4834710743801653 [211, 161, 84, 118, 339, 433]
605.0 0.17099863201094392 0.504 [78, 83, 56, 88, 167, 259]
1230.0 0.16385822196397443 0.44680851063829785 [241, 102, 136, 170, 480, 592]
390.0 0.16716867469879518 0.45045045045045046 [46, 32, 47, 85, 283, 171]
650.0 0.2309124767225326 0.4314516129032258 [99, 38, 111, 161, 352, 313]
800.0 0.18164967562557924 0.4336734693877551 [140, 63, 88, 122, 445, 221]
800.0 0.14299332697807435 0.36 [160, 106, 70, 165, 274, 274]
2090.0 0.20949510173323285 0.48741007194244607 [325, 368, 354, 310, 606, 691]
600.0 0.1481958762886598 0.4608695652173913 [117, 47, 33, 90, 254, 235]
650.0 0.19130434782608696 0.48484848484848486 [78, 57, 122, 198, 327, 253]
904.5 470.72523832911276 0.17863683100737335 0.02541895486562538
epsilons: 100 max_epsilon: 0.01 attack_proportion: 0.4
605.0 0.19885714285714284 0.5459770114942529 [67, 85, 49, 125, 315, 234]
610.0 0.1976608187134503 0.47337278106508873 [102, 71, 55, 94, 258, 275]
1480.0 0.18650541056651815 0.4129692832764505 [98, 97, 229, 158, 447, 542]
145.0 0.40054495912806537 0.4965986394557823 [39, 12, 30, 26, 165, 95]
1435.0 0.2516592920353982 0.43736263736263736 [221, 172, 238, 128, 411, 638]
1270.0 0.3384533898305085 0.45539906103286387 [177, 166, 240, 160, 478, 667]
1235.0 0.2183304144775248 0.4304812834224599 [215, 152, 181, 159, 405, 601]
1205.0 0.21785714285714286 0.48633879781420764 [152, 84, 170, 191, 458, 625]
1190.0 0.2674664784756528 0.43799472295514513 [182, 198, 182, 163, 348, 344]
750.0 0.3013698630136986 0.5056818181818182 [168, 54, 138, 110, 335, 363]
992.5 415.5673832244297 0.2578704911955102 0.06651143139003776
epsilons: 100 max_epsilon: 0.01 attack_proportion: 0.5
35.0 0.5791505791505791 0.52 [11, 0, 12, 29, 102, 105]
730.0 0.350541215653622 0.5201900237529691 [173, 110, 146, 128, 318, 326]
515.0 0.22474460839954596 0.5606060606060606 [99, 61, 52, 68, 285, 316]
655.0 0.21123321123321123 0.5722543352601156 [109, 52, 54, 89, 212, 303]
545.0 0.2667560321715818 0.5376884422110553 [69, 46, 47, 103, 243, 238]
605.0 0.2798507462686567 0.5155555555555555 [59, 34, 55, 125, 279, 252]
650.0 0.34509056244041947 0.4585635359116022 [72, 72, 156, 166, 268, 315]
1230.0 0.4290853031860226 0.4598802395209581 [204, 167, 227, 285, 440, 623]
700.0 0.35398230088495575 0.44 [89, 42, 124, 142, 355, 378]
500.0 0.2040332147093713 0.5813953488372093 [86, 72, 59, 104, 299, 223]
616.5 276.7855668202372 0.32444677740979666 0.10971643844296662
epsilons: 100 max_epsilon: 0.01 attack_proportion: 0.6000000000000001
770.0 0.36298568507157464 0.5577464788732395 [69, 71, 78, 92, 349, 319]
1070.0 0.5097799511002445 0.44844124700239807 [112, 175, 221, 150, 436, 542]
335.0 0.512014787430684 0.5523465703971119 [42, 11, 52, 49, 208, 179]
100.0 0.5985915492957746 0.5764705882352941 [17, 1, 34, 17, 96, 119]
385.0 0.4125766871165644 0.5390334572490706 [44, 68, 84, 45, 214, 197]
935.0 0.5584415584415584 0.4686046511627907 [191, 147, 216, 162, 338, 486]
570.0 0.39019607843137255 0.4648241206030151 [72, 92, 97, 73, 326, 360]
790.0 0.47449768160741884 0.4511400651465798 [84, 126, 214, 118, 333, 419]
1150.0 0.4402439024390244 0.48476454293628807 [160, 115, 207, 172, 511, 475]
570.0 0.3595238095238095 0.5033112582781457 [62, 54, 73, 116, 249, 286]
667.5 319.8925600885397 0.4618851690458025 0.07827878855217608
epsilons: 100 max_epsilon: 0.01 attack_proportion: 0.7000000000000001
615.0 0.48952095808383234 0.43425076452599387 [70, 17, 78, 86, 266, 151]
600.0 0.47281921618204803 0.5320855614973262 [76, 104, 98, 41, 179, 293]
145.0 0.639686684073107 0.5020408163265306 [30, 3, 49, 44, 148, 109]
600.0 0.47888675623800386 0.4589178356713427 [51, 54, 155, 158, 319, 305]
135.0 0.6589147286821705 0.5372549019607843 [20, 0, 32, 54, 158, 123]
90.0 0.6634920634920635 0.569377990430622 [3, 1, 33, 41, 133, 104]
605.0 0.46372549019607845 0.4397463002114165 [54, 67, 101, 136, 359, 303]
460.0 0.4104938271604938 0.5338345864661654 [36, 118, 99, 66, 288, 365]
160.0 0.7053824362606232 0.6265060240963856 [19, 0, 37, 21, 151, 125]
330.0 0.5399610136452242 0.516245487364621 [72, 20, 59, 43, 186, 133]
374.0 214.22884959780743 0.5522883174013644 0.09927518890542997
epsilons: 100 max_epsilon: 0.01 attack_proportion: 0.8
805.0 0.5641646489104116 0.4721030042918455 [73, 91, 66, 114, 194, 288]
720.0 0.5859375 0.5142857142857142 [83, 41, 95, 90, 337, 250]
500.0 0.5306577480490524 0.5567226890756303 [63, 142, 93, 67, 258, 274]
775.0 0.5075960679177838 0.5052816901408451 [74, 139, 167, 123, 247, 369]
340.0 0.6721854304635762 0.5517241379310345 [23, 13, 109, 58, 230, 171]
575.0 0.5574636723910171 0.5450236966824644 [36, 79, 61, 121, 236, 224]
185.0 0.7612293144208038 0.5838509316770186 [9, 10, 38, 56, 179, 131]
310.0 0.6314779270633397 0.513677811550152 [45, 7, 115, 41, 187, 126]
235.0 0.6887905604719764 0.48822269807280516 [60, 12, 104, 116, 205, 181]
600.0 0.5330915684496826 0.5255102040816326 [62, 77, 117, 136, 296, 415]
504.5 215.31894946799272 0.6032594438137644 0.07815935658897517
epsilons: 100 max_epsilon: 0.01 attack_proportion: 0.9
605.0 0.7672090112640801 0.49592169657422513 [57, 68, 103, 70, 249, 252]
295.0 0.8873056994818653 0.4832116788321168 [40, 26, 142, 115, 236, 213]
200.0 0.8498896247240618 0.42597402597402595 [22, 19, 82, 44, 150, 136]
225.0 0.8673780487804879 0.492091388400703 [30, 5, 100, 75, 262, 184]
640.0 0.7862903225806451 0.48 [51, 72, 222, 126, 393, 376]
605.0 0.7072961373390558 0.4975728155339806 [49, 65, 132, 193, 351, 375]
470.0 0.6854663774403471 0.5443037974683544 [82, 115, 91, 90, 269, 275]
605.0 0.7053490480507706 0.512853470437018 [95, 104, 108, 132, 316, 348]
605.0 0.7337733773377337 0.47976011994003 [63, 43, 98, 123, 237, 345]
215.0 0.7970085470085471 0.4959785522788204 [14, 11, 70, 58, 134, 181]
446.5 180.23664999106037 0.7786966194007594 0.06814807342566197
epsilons: 100 max_epsilon: 0.01 attack_proportion: 1.0
55.0 1.0 0.6418439716312057 [3, 0, 40, 26, 96, 117]
585.0 1.0 0.4880382775119617 [45, 79, 122, 91, 273, 435]
480.0 1.0 0.4481792717086835 [38, 77, 117, 99, 265, 475]
180.0 1.0 0.4529058116232465 [28, 5, 130, 70, 143, 123]
380.0 1.0 0.5029673590504451 [24, 18, 158, 93, 227, 154]
300.0 1.0 0.5654362416107382 [55, 2, 88, 85, 206, 160]
280.0 1.0 0.5476878612716763 [30, 14, 147, 106, 217, 178]
670.0 1.0 0.4965753424657534 [28, 98, 148, 122, 267, 213]
485.0 1.0 0.5392254220456802 [36, 60, 92, 174, 343, 302]
520.0 1.0 0.48315602836879434 [27, 67, 151, 151, 345, 387]
393.5 180.81827894325286 1.0 0.0
[1203.5, 1156.5, 904.5, 992.5, 616.5, 667.5, 374.0, 504.5, 446.5, 393.5]
[424.55888873040925, 581.0466848713621, 470.72523832911276, 415.5673832244297, 276.7855668202372, 319.8925600885397, 214.22884959780743, 215.31894946799272, 180.23664999106037, 180.81827894325286]
[0.07088828183997811, 0.12622025860169542, 0.17863683100737335, 0.2578704911955102, 0.32444677740979666, 0.4618851690458025, 0.5522883174013644, 0.6032594438137644, 0.7786966194007594, 1.0]
[0.017291156005849965, 0.030514215119437228, 0.02541895486562538, 0.06651143139003776, 0.10971643844296662, 0.07827878855217608, 0.09927518890542997, 0.07815935658897517, 0.06814807342566197, 0.0]
Process 95317 detected
