pygame 1.9.6
Hello from the pygame community. https://www.pygame.org/contribute.html

WARNING: The TensorFlow contrib module will not be included in TensorFlow 2.0.
For more information, please see:
  * https://github.com/tensorflow/community/blob/master/rfcs/20180907-contrib-sunset.md
  * https://github.com/tensorflow/addons
If you depend on functionality not listed there, please file an issue.

Loading pretrained/dqn/Pong/1/tf_checkpoints/tf_ckpt-199
Online/Conv/weights:0 (8, 8, 4, 32)  
Online/Conv/biases:0 (32,)          
Online/Conv_1/weights:0 (4, 4, 32, 64) 
Online/Conv_1/biases:0 (64,)          
Online/Conv_2/weights:0 (3, 3, 64, 64) 
Online/Conv_2/biases:0 (64,)          
Online/fully_connected/weights:0 (7744, 512)    
Online/fully_connected/biases:0 (512,)         
Online/fully_connected_1/weights:0 (512, 6)       
Online/fully_connected_1/biases:0 (6,)           
Target/Conv/weights:0 (8, 8, 4, 32)  
Target/Conv/biases:0 (32,)          
Target/Conv_1/weights:0 (4, 4, 32, 64) 
Target/Conv_1/biases:0 (64,)          
Target/Conv_2/weights:0 (3, 3, 64, 64) 
Target/Conv_2/biases:0 (64,)          
Target/fully_connected/weights:0 (7744, 512)    
Target/fully_connected/biases:0 (512,)         
Target/fully_connected_1/weights:0 (512, 6)       
Target/fully_connected_1/biases:0 (6,)           
attacker_policy: attack_large_value
targetted: False visualize: False decreasing_epsilons: False
epsilons: 100 max_epsilons: [0.01] attack_proportions: [0.1 0.2 0.3 0.4 0.5 0.6 0.7 0.8 0.9 1. ]
epsilons: 100 max_epsilon: 0.01 attack_proportion: 0.1
14.0 0.11890007745933386 0.0 [729, 87, 318, 168, 704, 576]
8.0 0.07579333857854707 0.0034602076124567475 [883, 199, 550, 327, 940, 914]
15.0 0.0987403494514425 0.0 [598, 102, 273, 158, 657, 673]
-19.0 0.12354570637119114 0.004484304932735426 [425, 121, 261, 172, 472, 354]
17.0 0.1271151465125877 0.0 [692, 90, 279, 143, 681, 538]
5.0 0.12664514526943133 0.0 [1092, 196, 507, 344, 1024, 864]
1.0 0.1366701244813278 0.0 [874, 189, 591, 334, 1037, 831]
17.0 0.1297709923664122 0.0 [677, 89, 278, 160, 738, 547]
1.0 0.13310242454230578 0.0 [962, 223, 567, 315, 1020, 955]
13.0 0.13175094599243206 0.0 [622, 149, 362, 204, 890, 680]
7.2 10.49571341072154 0.12020342510250112 0.017881489225507495
epsilons: 100 max_epsilon: 0.01 attack_proportion: 0.2
-16.0 0.20279146141215107 0.0 [561, 134, 339, 217, 558, 627]
-18.0 0.23860967590418036 0.0 [474, 119, 406, 199, 497, 434]
-15.0 0.20353200883002207 0.0 [517, 132, 355, 199, 604, 458]
-13.0 0.2075388026607539 0.0 [464, 140, 335, 162, 650, 504]
-14.0 0.2542627883650953 0.0019723865877712033 [453, 108, 317, 184, 489, 443]
-15.0 0.1949367088607595 0.0 [488, 149, 439, 167, 620, 507]
-12.0 0.23615023474178404 0.0 [474, 136, 319, 167, 594, 440]
-12.0 0.23148974130240857 0.0 [557, 120, 366, 159, 583, 457]
-17.0 0.19744160177975528 0.0 [388, 100, 293, 168, 443, 406]
-20.0 0.23587570621468926 0.0029940119760479044 [364, 98, 273, 74, 326, 281]
-15.2 2.4819347291981715 0.22026287300715994 0.020060184028274006
epsilons: 100 max_epsilon: 0.01 attack_proportion: 0.30000000000000004
-20.0 0.34370477568740954 0.0 [364, 39, 202, 120, 365, 292]
-20.0 0.31412786108918705 0.0 [291, 74, 209, 86, 318, 289]
-17.0 0.371900826446281 0.0 [360, 89, 227, 109, 343, 324]
-13.0 0.27810419114766943 0.0 [560, 148, 385, 176, 710, 574]
-16.0 0.21842105263157896 0.002008032128514056 [487, 103, 402, 223, 548, 517]
-15.0 0.28365384615384615 0.0 [518, 114, 381, 169, 578, 528]
-17.0 0.32235421166306694 0.0016750418760469012 [418, 107, 294, 163, 430, 440]
-14.0 0.34022323274080196 0.0 [630, 120, 312, 242, 548, 567]
-14.0 0.35436706425548287 0.002171552660152009 [629, 164, 361, 215, 616, 614]
-20.0 0.32885375494071145 0.0 [284, 89, 219, 76, 307, 290]
-16.6 2.537715508089904 0.31557108167560355 0.04261752081099169
epsilons: 100 max_epsilon: 0.01 attack_proportion: 0.4
-19.0 0.3895457373988799 0.001597444089456869 [441, 101, 238, 127, 351, 349]
-18.0 0.4039301310043668 0.0013513513513513514 [457, 91, 272, 158, 421, 433]
-21.0 0.41884328358208955 0.0 [312, 69, 163, 70, 233, 225]
-19.0 0.39741750358680056 0.0 [322, 94, 246, 103, 333, 296]
-18.0 0.3737309644670051 0.0 [382, 65, 237, 123, 406, 363]
-17.0 0.3580381471389646 0.0 [449, 130, 331, 166, 390, 369]
-19.0 0.44518272425249167 0.0012437810945273632 [514, 116, 293, 137, 400, 346]
-15.0 0.3970266724967206 0.0 [598, 145, 306, 178, 527, 533]
-16.0 0.4471947194719472 0.0012300123001230013 [489, 104, 259, 124, 409, 433]
-20.0 0.4141156462585034 0.0 [312, 91, 191, 66, 271, 245]
-18.2 1.7204650534085253 0.4045025529657769 0.026854269519095128
epsilons: 100 max_epsilon: 0.01 attack_proportion: 0.5
-17.0 0.49243951612903225 0.0010235414534288639 [520, 93, 305, 172, 452, 442]
-21.0 0.5101822079314041 0.0 [261, 54, 164, 74, 211, 169]
-19.0 0.532656023222061 0.0013623978201634877 [373, 88, 225, 82, 328, 282]
-20.0 0.4403747870528109 0.0 [269, 92, 223, 85, 272, 233]
-16.0 0.5191873589164786 0.0 [459, 111, 260, 148, 360, 434]
-13.0 0.47839195979899496 0.0010504201680672268 [496, 145, 286, 144, 453, 466]
-19.0 0.4334384858044164 0.002911208151382824 [449, 100, 239, 133, 309, 355]
-17.0 0.5466738197424893 0.0 [610, 117, 242, 152, 383, 360]
-13.0 0.4934725848563969 0.0010582010582010583 [486, 97, 281, 151, 467, 433]
-18.0 0.49144634525660963 0.0 [333, 82, 204, 88, 293, 286]
-17.3 2.570992026436488 0.4938263088710694 0.0345846648786018
epsilons: 100 max_epsilon: 0.01 attack_proportion: 0.6000000000000001
-18.0 0.6771653543307087 0.0 [400, 84, 180, 78, 247, 281]
-19.0 0.5608798114689709 0.0 [392, 84, 215, 96, 222, 264]
-19.0 0.566722972972973 0.0 [318, 85, 187, 97, 249, 248]
-16.0 0.6242387332521315 0.000975609756097561 [447, 94, 213, 150, 327, 411]
-19.0 0.5844155844155844 0.002898550724637681 [517, 105, 246, 148, 378, 377]
-18.0 0.6280884265279584 0.0 [476, 90, 218, 119, 283, 352]
-19.0 0.5712319339298004 0.0 [447, 75, 248, 116, 267, 300]
-21.0 0.6629213483146067 0.0012106537530266344 [427, 72, 153, 119, 222, 253]
-13.0 0.6487737158722814 0.0014265335235378032 [634, 118, 284, 176, 452, 497]
-17.0 0.5992040932347925 0.0009487666034155598 [537, 101, 281, 122, 345, 373]
-17.9 2.071231517720798 0.6123641974319808 0.03981088323107539
epsilons: 100 max_epsilon: 0.01 attack_proportion: 0.7000000000000001
-21.0 0.6717216770740411 0.0 [351, 81, 167, 95, 206, 221]
-17.0 0.6650179856115108 0.0 [659, 122, 316, 187, 472, 468]
-17.0 0.6859550561797753 0.000819000819000819 [535, 110, 217, 140, 357, 421]
-16.0 0.6631701631701632 0.0 [523, 103, 220, 132, 341, 397]
-18.0 0.6478365384615384 0.0 [456, 117, 237, 141, 307, 406]
-20.0 0.6652892561983471 0.0012422360248447205 [381, 79, 207, 93, 237, 213]
-21.0 0.7223476297968398 0.0 [281, 38, 135, 95, 152, 185]
-19.0 0.6215970961887477 0.00145985401459854 [332, 75, 158, 80, 193, 264]
-17.0 0.6587395957193817 0.0 [484, 112, 251, 140, 324, 371]
-18.0 0.636737491432488 0.0 [425, 102, 212, 133, 293, 294]
-18.4 1.685229954635272 0.6638412489832832 0.026037299678123422
epsilons: 100 max_epsilon: 0.01 attack_proportion: 0.8
-19.0 0.7993827160493827 0.0 [496, 101, 227, 149, 281, 366]
-17.0 0.8474148802017655 0.0 [488, 105, 191, 132, 316, 354]
-18.0 0.8077183480027081 0.0 [473, 86, 195, 93, 327, 303]
-20.0 0.7445923460898503 0.0 [407, 76, 152, 105, 209, 253]
-18.0 0.7970168612191959 0.0024410089503661514 [482, 82, 217, 110, 282, 369]
-20.0 0.7542857142857143 0.0 [381, 99, 162, 81, 256, 246]
-17.0 0.7043731778425656 0.0 [545, 119, 244, 139, 307, 361]
-20.0 0.7952380952380952 0.0 [364, 65, 147, 71, 204, 199]
-19.0 0.7518028846153846 0.0 [495, 114, 231, 135, 328, 361]
-20.0 0.8048780487804879 0.0 [461, 76, 188, 97, 221, 310]
-18.8 1.16619037896906 0.7806703072325151 0.039056855821269526
epsilons: 100 max_epsilon: 0.01 attack_proportion: 0.9
-19.0 0.862663906142167 0.0 [464, 112, 189, 88, 272, 324]
-19.0 0.8501440922190202 0.0 [331, 65, 133, 76, 180, 256]
-19.0 0.8870967741935484 0.0 [357, 88, 136, 67, 168, 238]
-17.0 0.889280677009873 0.0007930214115781126 [454, 97, 166, 113, 268, 320]
-17.0 0.8748344370860928 0.000757002271006813 [435, 106, 175, 133, 281, 380]
-21.0 0.8822869955156951 0.0 [317, 67, 121, 76, 155, 156]
-20.0 0.8898426323319027 0.0008038585209003215 [424, 109, 182, 134, 252, 297]
-18.0 0.9079710144927536 0.0007980845969672786 [430, 86, 237, 88, 280, 259]
-17.0 0.8883534136546185 0.0 [468, 90, 145, 82, 204, 256]
-19.0 0.8615279672578445 0.0 [460, 97, 190, 106, 269, 344]
-18.6 1.2806248474865698 0.8794001909903516 0.016269532279395232
epsilons: 100 max_epsilon: 0.01 attack_proportion: 1.0
-18.0 1.0 0.0008688097306689834 [375, 87, 133, 102, 200, 254]
-20.0 1.0 0.0019157088122605363 [329, 75, 124, 93, 186, 237]
-17.0 1.0 0.0012121212121212121 [528, 131, 197, 122, 324, 348]
-21.0 1.0 0.0 [269, 89, 116, 58, 154, 166]
-20.0 1.0 0.0 [324, 75, 136, 84, 163, 210]
-19.0 1.0 0.0 [364, 72, 149, 71, 162, 251]
-21.0 1.0 0.0 [334, 55, 113, 73, 174, 210]
-19.0 1.0 0.0007593014426727411 [407, 87, 165, 106, 269, 283]
-21.0 1.0 0.0008976660682226212 [382, 96, 140, 91, 191, 214]
-16.0 1.0 0.0 [511, 111, 191, 105, 280, 388]
-19.2 1.661324772583615 1.0 0.0
[7.2, -15.2, -16.6, -18.2, -17.3, -17.9, -18.4, -18.8, -18.6, -19.2]
[10.49571341072154, 2.4819347291981715, 2.537715508089904, 1.7204650534085253, 2.570992026436488, 2.071231517720798, 1.685229954635272, 1.16619037896906, 1.2806248474865698, 1.661324772583615]
[0.12020342510250112, 0.22026287300715994, 0.31557108167560355, 0.4045025529657769, 0.4938263088710694, 0.6123641974319808, 0.6638412489832832, 0.7806703072325151, 0.8794001909903516, 1.0]
[0.017881489225507495, 0.020060184028274006, 0.04261752081099169, 0.026854269519095128, 0.0345846648786018, 0.03981088323107539, 0.026037299678123422, 0.039056855821269526, 0.016269532279395232, 0.0]
Process 10890 detected
