pygame 1.9.6
Hello from the pygame community. https://www.pygame.org/contribute.html

WARNING: The TensorFlow contrib module will not be included in TensorFlow 2.0.
For more information, please see:
  * https://github.com/tensorflow/community/blob/master/rfcs/20180907-contrib-sunset.md
  * https://github.com/tensorflow/addons
If you depend on functionality not listed there, please file an issue.

Loading pretrained/dqn/SpaceInvaders/1/tf_checkpoints/tf_ckpt-199
Online/Conv/weights:0 (8, 8, 4, 32)  
Online/Conv/biases:0 (32,)          
Online/Conv_1/weights:0 (4, 4, 32, 64) 
Online/Conv_1/biases:0 (64,)          
Online/Conv_2/weights:0 (3, 3, 64, 64) 
Online/Conv_2/biases:0 (64,)          
Online/fully_connected/weights:0 (7744, 512)    
Online/fully_connected/biases:0 (512,)         
Online/fully_connected_1/weights:0 (512, 6)       
Online/fully_connected_1/biases:0 (6,)           
Target/Conv/weights:0 (8, 8, 4, 32)  
Target/Conv/biases:0 (32,)          
Target/Conv_1/weights:0 (4, 4, 32, 64) 
Target/Conv_1/biases:0 (64,)          
Target/Conv_2/weights:0 (3, 3, 64, 64) 
Target/Conv_2/biases:0 (64,)          
Target/fully_connected/weights:0 (7744, 512)    
Target/fully_connected/biases:0 (512,)         
Target/fully_connected_1/weights:0 (512, 6)       
Target/fully_connected_1/biases:0 (6,)           
attacker_policy: attack_large_prob_gap
targetted: False visualize: False decreasing_epsilons: False
epsilons: 100 max_epsilons: [0.01] attack_proportions: [0.1 0.2 0.3 0.4 0.5 0.6 0.7 0.8 0.9 1. ]
epsilons: 100 max_epsilon: 0.01 attack_proportion: 0.1
215.0 0.23198198198198197 0.05825242718446602 [69, 40, 47, 9, 182, 97]
390.0 0.16272189349112426 0.02727272727272727 [67, 74, 92, 36, 213, 194]
80.0 0.1625441696113074 0.0 [36, 7, 7, 28, 98, 107]
260.0 0.2374429223744292 0.019230769230769232 [87, 11, 46, 27, 159, 108]
425.0 0.11879699248120301 0.012658227848101266 [82, 68, 23, 24, 224, 244]
715.0 0.10161090458488228 0.04878048780487805 [180, 110, 26, 32, 235, 224]
385.0 0.1757188498402556 0.00909090909090909 [79, 71, 55, 51, 244, 126]
570.0 0.1260827718960539 0.03816793893129771 [159, 187, 59, 53, 283, 298]
415.0 0.11312849162011174 0.037037037037037035 [119, 74, 35, 31, 244, 213]
340.0 0.13403614457831325 0.033707865168539325 [96, 61, 23, 51, 275, 158]
379.5 168.79647508167935 0.1564065122459663 0.045209575199795925
epsilons: 100 max_epsilon: 0.01 attack_proportion: 0.2
865.0 0.2968299711815562 0.012944983818770227 [215, 108, 113, 97, 272, 236]
220.0 0.2678227360308285 0.050359712230215826 [80, 46, 23, 42, 199, 129]
600.0 0.30133079847908745 0.04100946372239748 [182, 148, 105, 89, 235, 293]
415.0 0.31161971830985913 0.01694915254237288 [127, 40, 33, 90, 147, 131]
395.0 0.29890453834115804 0.031413612565445025 [115, 56, 99, 87, 159, 123]
295.0 0.23328964613368283 0.028089887640449437 [217, 69, 28, 49, 178, 222]
340.0 0.21052631578947367 0.007352941176470588 [98, 53, 45, 41, 235, 174]
185.0 0.3901734104046243 0.014814814814814815 [80, 16, 24, 5, 93, 128]
745.0 0.18369351669941061 0.03208556149732621 [216, 134, 78, 85, 236, 269]
190.0 0.23809523809523808 0.03529411764705882 [108, 9, 13, 13, 117, 97]
425.0 225.07776433935007 0.27322858894649193 0.0565356372946671
epsilons: 100 max_epsilon: 0.01 attack_proportion: 0.30000000000000004
320.0 0.3739967897271268 0.02575107296137339 [125, 62, 62, 36, 162, 176]
65.0 0.38292011019283745 0.02158273381294964 [121, 11, 13, 48, 106, 64]
510.0 0.2505827505827506 0.009302325581395349 [173, 97, 55, 50, 238, 245]
380.0 0.3859910581222057 0.011583011583011582 [128, 78, 28, 39, 179, 219]
295.0 0.30600292825768666 0.004784688995215311 [176, 61, 48, 27, 187, 184]
45.0 0.44148936170212766 0.018072289156626505 [111, 2, 40, 7, 128, 88]
440.0 0.304162219850587 0.042105263157894736 [165, 144, 121, 64, 197, 246]
575.0 0.3329820864067439 0.022151898734177215 [144, 147, 70, 74, 261, 253]
85.0 0.4444444444444444 0.0 [89, 2, 17, 17, 85, 69]
225.0 0.36790123456790125 0.006711409395973154 [141, 13, 46, 18, 97, 90]
294.0 178.294699865139 0.3590472983854412 0.0582727669002779
epsilons: 100 max_epsilon: 0.01 attack_proportion: 0.4
685.0 0.38172715894868586 0.04590163934426229 [114, 141, 73, 56, 216, 199]
135.0 0.4435483870967742 0.030303030303030304 [79, 11, 23, 10, 111, 138]
220.0 0.4551386623164764 0.025089605734767026 [134, 68, 49, 28, 185, 149]
135.0 0.582089552238806 0.015384615384615385 [85, 8, 13, 8, 106, 115]
200.0 0.47172619047619047 0.022082018927444796 [100, 48, 79, 56, 180, 209]
100.0 0.44594594594594594 0.04242424242424243 [55, 3, 32, 65, 130, 85]
170.0 0.4482758620689655 0.04524886877828054 [57, 62, 35, 20, 179, 140]
50.0 0.4076086956521739 0.013333333333333334 [47, 39, 14, 33, 105, 130]
415.0 0.5059171597633136 0.014619883040935672 [104, 100, 26, 48, 188, 210]
210.0 0.5057034220532319 0.02631578947368421 [57, 24, 49, 78, 170, 148]
232.0 177.07625476048446 0.46476810365605636 0.05339845406619411
epsilons: 100 max_epsilon: 0.01 attack_proportion: 0.5
195.0 0.5527522935779816 0.024896265560165973 [56, 74, 30, 29, 105, 142]
270.0 0.5200698080279232 0.006711409395973154 [125, 61, 46, 36, 161, 144]
120.0 0.5764023210831721 0.02348993288590604 [170, 40, 32, 34, 156, 85]
185.0 0.5040816326530613 0.024291497975708502 [110, 73, 30, 19, 124, 134]
210.0 0.44969199178644764 0.0182648401826484 [69, 15, 49, 58, 161, 135]
210.0 0.5824468085106383 0.0136986301369863 [151, 90, 98, 71, 165, 177]
230.0 0.546594982078853 0.013114754098360656 [161, 46, 28, 47, 189, 87]
145.0 0.5689320388349515 0.020477815699658702 [219, 14, 47, 31, 90, 114]
520.0 0.4823091247672253 0.023166023166023165 [216, 133, 98, 133, 293, 201]
235.0 0.5480916030534351 0.011142061281337047 [168, 73, 48, 62, 192, 112]
232.0 104.43179592442141 0.533137260437369 0.04115295296660149
epsilons: 100 max_epsilon: 0.01 attack_proportion: 0.6000000000000001
55.0 0.5315985130111525 0.013986013986013986 [76, 5, 6, 44, 83, 55]
130.0 0.6355555555555555 0.03146853146853147 [131, 28, 45, 56, 100, 90]
390.0 0.6923076923076923 0.00641025641025641 [115, 105, 70, 94, 166, 126]
280.0 0.6834094368340944 0.004454342984409799 [122, 59, 72, 88, 169, 147]
375.0 0.7066326530612245 0.021660649819494584 [136, 60, 80, 117, 237, 154]
390.0 0.6305882352941177 0.027985074626865673 [103, 135, 87, 52, 256, 217]
95.0 0.6049382716049383 0.00510204081632653 [79, 9, 26, 11, 140, 59]
155.0 0.6796875 0.005747126436781609 [110, 18, 46, 30, 152, 156]
65.0 0.6710875331564987 0.023715415019762844 [131, 7, 17, 38, 84, 100]
115.0 0.6839080459770115 0.01680672268907563 [125, 17, 36, 45, 217, 82]
205.0 131.68143377105218 0.6519713436802285 0.05018490220768816
epsilons: 100 max_epsilon: 0.01 attack_proportion: 0.7000000000000001
85.0 0.7151335311572701 0.02074688796680498 [79, 13, 27, 14, 107, 97]
45.0 0.6907216494845361 0.009950248756218905 [50, 8, 8, 39, 118, 68]
210.0 0.7867768595041322 0.01050420168067227 [207, 17, 110, 36, 113, 122]
50.0 0.6678200692041523 0.03626943005181347 [95, 10, 6, 15, 99, 64]
350.0 0.7510431154381085 0.014814814814814815 [234, 94, 73, 75, 145, 98]
160.0 0.739938080495356 0.006276150627615063 [270, 15, 63, 40, 139, 119]
305.0 0.7255216693418941 0.00663716814159292 [148, 42, 100, 47, 133, 153]
430.0 0.7856154910096819 0.022887323943661973 [154, 96, 65, 27, 187, 194]
255.0 0.7559943582510579 0.005597014925373134 [265, 45, 77, 89, 138, 95]
755.0 0.6291179596174282 0.011824324324324325 [213, 88, 87, 114, 263, 176]
264.5 204.28472776984577 0.7247682783503617 0.04804961637666133
epsilons: 100 max_epsilon: 0.01 attack_proportion: 0.8
75.0 0.702576112412178 0.006666666666666667 [106, 44, 28, 19, 125, 105]
75.0 0.7752577319587629 0.007978723404255319 [129, 51, 59, 42, 120, 84]
65.0 0.7983870967741935 0.012626262626262626 [159, 14, 30, 43, 140, 110]
525.0 0.8468468468468469 0.0182370820668693 [173, 67, 104, 76, 183, 174]
280.0 0.7671957671957672 0.04827586206896552 [109, 79, 41, 35, 129, 174]
140.0 0.8104838709677419 0.007462686567164179 [204, 9, 31, 73, 111, 68]
55.0 0.7142857142857143 0.014634146341463415 [68, 9, 5, 53, 74, 78]
315.0 0.7960339943342776 0.01601423487544484 [194, 89, 81, 53, 174, 115]
365.0 0.8282387190684134 0.01054481546572935 [236, 51, 40, 99, 179, 82]
65.0 0.8039867109634552 0.028925619834710745 [30, 3, 7, 41, 127, 93]
196.0 156.40971836813722 0.7843292564807351 0.0438259244376147
epsilons: 100 max_epsilon: 0.01 attack_proportion: 0.9
35.0 0.8815331010452961 0.019762845849802372 [73, 11, 7, 41, 88, 67]
115.0 0.8669438669438669 0.014388489208633094 [218, 11, 44, 37, 107, 64]
150.0 0.8863309352517985 0.00487012987012987 [350, 34, 50, 40, 149, 72]
155.0 0.832258064516129 0.027131782945736434 [69, 4, 15, 38, 114, 70]
375.0 0.8720682302771855 0.02078239608801956 [147, 76, 70, 115, 293, 237]
80.0 0.8574712643678161 0.002680965147453083 [78, 6, 22, 77, 130, 122]
180.0 0.8802395209580839 0.02040816326530612 [123, 21, 47, 50, 134, 126]
140.0 0.8964879852125693 0.020618556701030927 [108, 5, 49, 94, 132, 153]
435.0 0.8778979907264297 0.02464788732394366 [113, 106, 72, 101, 125, 130]
210.0 0.8610747051114024 0.0121765601217656 [305, 77, 69, 63, 158, 91]
187.5 119.06405838875139 0.8712305664410577 0.017111720138672463
epsilons: 100 max_epsilon: 0.01 attack_proportion: 1.0
65.0 1.0 0.01592356687898089 [65, 9, 13, 15, 117, 95]
120.0 1.0 0.008113590263691683 [78, 6, 36, 65, 158, 150]
60.0 1.0 0.011730205278592375 [30, 18, 6, 20, 177, 90]
215.0 1.0 0.019077901430842606 [119, 18, 72, 39, 197, 184]
120.0 1.0 0.01762114537444934 [75, 6, 37, 83, 118, 135]
120.0 1.0 0.008316008316008316 [96, 20, 50, 82, 109, 124]
110.0 1.0 0.005952380952380952 [121, 3, 40, 35, 135, 170]
120.0 1.0 0.02240325865580448 [117, 3, 31, 50, 167, 123]
80.0 1.0 0.009523809523809525 [80, 6, 7, 55, 77, 90]
310.0 1.0 0.02812939521800281 [131, 91, 104, 75, 175, 135]
132.0 72.11795892841117 1.0 0.0
[379.5, 425.0, 294.0, 232.0, 232.0, 205.0, 264.5, 196.0, 187.5, 132.0]
[168.79647508167935, 225.07776433935007, 178.294699865139, 177.07625476048446, 104.43179592442141, 131.68143377105218, 204.28472776984577, 156.40971836813722, 119.06405838875139, 72.11795892841117]
[0.1564065122459663, 0.27322858894649193, 0.3590472983854412, 0.46476810365605636, 0.533137260437369, 0.6519713436802285, 0.7247682783503617, 0.7843292564807351, 0.8712305664410577, 1.0]
[0.045209575199795925, 0.0565356372946671, 0.0582727669002779, 0.05339845406619411, 0.04115295296660149, 0.05018490220768816, 0.04804961637666133, 0.0438259244376147, 0.017111720138672463, 0.0]
Process 37190 detected
