pygame 1.9.6
Hello from the pygame community. https://www.pygame.org/contribute.html

WARNING: The TensorFlow contrib module will not be included in TensorFlow 2.0.
For more information, please see:
  * https://github.com/tensorflow/community/blob/master/rfcs/20180907-contrib-sunset.md
  * https://github.com/tensorflow/addons
If you depend on functionality not listed there, please file an issue.

Loading pretrained/dqn/SpaceInvaders/1/tf_checkpoints/tf_ckpt-199
Online/Conv/weights:0 (8, 8, 4, 32)  
Online/Conv/biases:0 (32,)          
Online/Conv_1/weights:0 (4, 4, 32, 64) 
Online/Conv_1/biases:0 (64,)          
Online/Conv_2/weights:0 (3, 3, 64, 64) 
Online/Conv_2/biases:0 (64,)          
Online/fully_connected/weights:0 (7744, 512)    
Online/fully_connected/biases:0 (512,)         
Online/fully_connected_1/weights:0 (512, 6)       
Online/fully_connected_1/biases:0 (6,)           
Target/Conv/weights:0 (8, 8, 4, 32)  
Target/Conv/biases:0 (32,)          
Target/Conv_1/weights:0 (4, 4, 32, 64) 
Target/Conv_1/biases:0 (64,)          
Target/Conv_2/weights:0 (3, 3, 64, 64) 
Target/Conv_2/biases:0 (64,)          
Target/fully_connected/weights:0 (7744, 512)    
Target/fully_connected/biases:0 (512,)         
Target/fully_connected_1/weights:0 (512, 6)       
Target/fully_connected_1/biases:0 (6,)           
attacker_policy: random
targetted: False visualize: False decreasing_epsilons: False
epsilons: 100 max_epsilons: [0.01] attack_proportions: [0.1 0.2 0.3 0.4 0.5 0.6 0.7 0.8 0.9 1. ]
epsilons: 100 max_epsilon: 0.01 attack_proportion: 0.1
1200.0 0.09563164108618655 0.024691358024691357 [269, 194, 102, 144, 426, 559]
245.0 0.09308510638297872 0.0 [64, 10, 4, 4, 148, 146]
575.0 0.0935910478128179 0.0 [137, 106, 58, 117, 298, 267]
630.0 0.10022026431718062 0.03296703296703297 [128, 77, 68, 87, 253, 295]
1960.0 0.09387351778656126 0.005263157894736842 [366, 235, 166, 99, 521, 637]
1830.0 0.0979020979020979 0.01098901098901099 [358, 153, 124, 101, 480, 643]
1120.0 0.09907341411261582 0.014388489208633094 [231, 285, 100, 62, 333, 392]
460.0 0.0946372239747634 0.016666666666666666 [97, 52, 41, 21, 245, 178]
2465.0 0.09969584319026699 0.03728813559322034 [448, 346, 208, 192, 765, 1000]
800.0 0.09866017052375152 0.037037037037037035 [114, 72, 79, 39, 249, 268]
1128.5 697.506451583066 0.09663703270892207 0.0026147001329190757
epsilons: 100 max_epsilon: 0.01 attack_proportion: 0.2
1015.0 0.19066147859922178 0.044897959183673466 [193, 172, 64, 90, 365, 401]
795.0 0.20347394540942929 0.028455284552845527 [177, 165, 95, 72, 352, 348]
1060.0 0.21952817824377457 0.014925373134328358 [227, 183, 111, 133, 401, 471]
570.0 0.19972067039106145 0.006993006993006993 [144, 50, 29, 71, 206, 216]
565.0 0.19654714475431606 0.0 [115, 53, 89, 86, 208, 202]
1175.0 0.20361145703611458 0.01834862385321101 [242, 228, 116, 125, 400, 495]
1055.0 0.18963922294172064 0.004878048780487805 [193, 102, 79, 67, 346, 294]
1065.0 0.19479606188466947 0.021660649819494584 [196, 159, 123, 121, 417, 406]
405.0 0.1778115501519757 0.017094017094017096 [107, 70, 15, 16, 237, 213]
900.0 0.1857976653696498 0.010471204188481676 [161, 114, 55, 36, 348, 314]
860.5 250.4540876088869 0.19615873747819335 0.01089300781069592
epsilons: 100 max_epsilon: 0.01 attack_proportion: 0.30000000000000004
600.0 0.2837259100642398 0.007547169811320755 [114, 69, 44, 115, 336, 256]
425.0 0.3128930817610063 0.0 [137, 80, 39, 15, 228, 137]
695.0 0.2830188679245283 0.02666666666666667 [132, 66, 30, 47, 274, 246]
205.0 0.28291316526610644 0.0 [65, 8, 9, 13, 134, 128]
630.0 0.29794933655006034 0.016194331983805668 [156, 89, 36, 62, 233, 253]
1110.0 0.28152969894222946 0.02601156069364162 [246, 158, 68, 73, 328, 356]
610.0 0.2690246516613076 0.00398406374501992 [124, 63, 117, 138, 267, 224]
725.0 0.3022774327122153 0.017123287671232876 [101, 119, 63, 86, 314, 283]
955.0 0.27858985382631124 0.024691358024691357 [186, 133, 94, 65, 372, 313]
900.0 0.30916666666666665 0.008086253369272238 [160, 163, 93, 124, 349, 311]
685.5 248.05694910645016 0.2901088665374671 0.013731312390856646
epsilons: 100 max_epsilon: 0.01 attack_proportion: 0.4
570.0 0.4154250657318142 0.008438818565400843 [145, 111, 123, 165, 338, 259]
710.0 0.38817733990147785 0.015228426395939087 [153, 110, 108, 80, 275, 289]
305.0 0.4027237354085603 0.014492753623188406 [84, 21, 60, 16, 188, 145]
325.0 0.3915441176470588 0.0 [64, 56, 46, 25, 225, 128]
1365.0 0.3898305084745763 0.025362318840579712 [370, 274, 182, 167, 548, 583]
970.0 0.41010830324909747 0.014084507042253521 [232, 165, 121, 123, 380, 364]
1275.0 0.39097744360902253 0.011834319526627219 [247, 235, 190, 126, 483, 448]
290.0 0.3815261044176707 0.015789473684210527 [73, 29, 42, 63, 161, 130]
295.0 0.39907550077041604 0.007722007722007722 [134, 44, 31, 71, 212, 157]
540.0 0.37710084033613445 0.005571030640668524 [108, 79, 152, 97, 243, 273]
664.5 387.881747443728 0.39464889595458286 0.01150564812143614
epsilons: 100 max_epsilon: 0.01 attack_proportion: 0.5
545.0 0.4887573964497041 0.007263922518159807 [176, 92, 46, 53, 261, 217]
95.0 0.5444743935309974 0.0049504950495049506 [53, 9, 18, 25, 152, 114]
675.0 0.4925373134328358 0.027548209366391185 [265, 168, 130, 171, 440, 300]
45.0 0.5210727969348659 0.0 [69, 1, 1, 25, 85, 80]
545.0 0.5 0.009259259259259259 [160, 185, 110, 104, 287, 234]
395.0 0.487468671679198 0.02056555269922879 [110, 51, 126, 134, 217, 160]
480.0 0.5172413793103449 0.013793103448275862 [130, 129, 71, 62, 233, 216]
520.0 0.49375 0.012658227848101266 [108, 120, 71, 34, 219, 248]
410.0 0.5126050420168067 0.01912568306010929 [122, 66, 29, 49, 225, 223]
235.0 0.5148305084745762 0.0 [83, 34, 75, 13, 159, 108]
394.5 196.10520135886247 0.5072737501829329 0.01716752974258868
epsilons: 100 max_epsilon: 0.01 attack_proportion: 0.6000000000000001
235.0 0.6131386861313869 0.03571428571428571 [77, 9, 17, 25, 171, 112]
75.0 0.5408560311284046 0.007194244604316547 [42, 12, 2, 6, 111, 84]
715.0 0.5913978494623656 0.015909090909090907 [120, 110, 92, 62, 209, 151]
330.0 0.5991189427312775 0.014705882352941176 [114, 57, 65, 73, 231, 141]
65.0 0.603030303030303 0.010050251256281407 [53, 7, 11, 57, 127, 75]
285.0 0.5969465648854961 0.010230179028132993 [140, 35, 59, 60, 216, 145]
560.0 0.6170825335892515 0.01088646967340591 [172, 110, 118, 128, 271, 243]
615.0 0.5984375 0.007832898172323759 [135, 41, 35, 65, 203, 161]
500.0 0.5678524374176548 0.016241299303944315 [107, 130, 21, 55, 241, 205]
330.0 0.5981873111782477 0.020202020202020204 [114, 72, 53, 74, 223, 126]
371.0 209.9380861111199 0.5926048159554388 0.02132611566994577
epsilons: 100 max_epsilon: 0.01 attack_proportion: 0.7000000000000001
220.0 0.7116666666666667 0.0234192037470726 [128, 61, 35, 42, 188, 146]
390.0 0.7021013597033374 0.008802816901408451 [190, 13, 136, 149, 187, 134]
130.0 0.7046511627906977 0.0165016501650165 [109, 17, 24, 37, 161, 82]
125.0 0.7092391304347826 0.01532567049808429 [92, 17, 24, 24, 132, 79]
480.0 0.6805555555555556 0.011337868480725623 [101, 46, 65, 82, 198, 156]
65.0 0.7565217391304347 0.007662835249042145 [57, 5, 15, 76, 128, 64]
135.0 0.740343347639485 0.011594202898550725 [139, 6, 48, 75, 104, 94]
510.0 0.6908602150537635 0.023346303501945526 [132, 116, 46, 65, 246, 139]
200.0 0.6954022988505747 0.010330578512396695 [137, 49, 90, 97, 181, 142]
115.0 0.6893939393939394 0.013736263736263736 [64, 26, 69, 47, 162, 160]
237.0 154.11359446849588 0.7080735415219237 0.022390272669828744
epsilons: 100 max_epsilon: 0.01 attack_proportion: 0.8
120.0 0.8102836879432624 0.0087527352297593 [115, 8, 71, 94, 143, 133]
190.0 0.8215767634854771 0.0 [145, 8, 34, 58, 138, 99]
610.0 0.7809254013220018 0.014510278113663845 [272, 89, 75, 121, 314, 188]
365.0 0.8057324840764332 0.009881422924901186 [131, 18, 75, 70, 196, 138]
140.0 0.8191721132897604 0.0026595744680851063 [83, 26, 37, 17, 156, 140]
380.0 0.7686084142394822 0.010526315789473684 [160, 75, 52, 16, 197, 118]
65.0 0.7723577235772358 0.007017543859649123 [67, 4, 13, 46, 146, 93]
75.0 0.8075 0.015479876160990712 [70, 58, 42, 26, 117, 87]
65.0 0.7765151515151515 0.0 [62, 3, 6, 54, 76, 63]
105.0 0.8123620309050773 0.008152173913043478 [140, 24, 40, 61, 117, 71]
211.5 172.5115938132855 0.7975033770353881 0.019450928854951456
epsilons: 100 max_epsilon: 0.01 attack_proportion: 0.9
115.0 0.9152542372881356 0.016203703703703703 [72, 6, 30, 79, 146, 139]
135.0 0.8977505112474438 0.011389521640091117 [143, 11, 60, 49, 114, 112]
185.0 0.9035532994923858 0.00749063670411985 [157, 56, 67, 31, 141, 139]
80.0 0.9098837209302325 0.025559105431309903 [61, 11, 28, 51, 137, 56]
565.0 0.9145299145299145 0.024922118380062305 [201, 43, 108, 36, 151, 163]
480.0 0.90625 0.011083743842364532 [190, 71, 78, 134, 251, 172]
160.0 0.8988505747126436 0.02557544757033248 [161, 12, 41, 29, 103, 89]
425.0 0.8771653543307086 0.025134649910233394 [82, 97, 77, 90, 164, 125]
305.0 0.9073825503355705 0.004437869822485207 [238, 73, 57, 59, 179, 139]
90.0 0.8932384341637011 0.02390438247011952 [34, 8, 4, 26, 119, 90]
254.0 168.49035580709062 0.9023858597030735 0.010790210961645664
epsilons: 100 max_epsilon: 0.01 attack_proportion: 1.0
180.0 1.0 0.021314387211367674 [155, 29, 39, 56, 147, 137]
110.0 1.0 0.009765625 [93, 5, 45, 59, 167, 143]
285.0 1.0 0.019777503090234856 [185, 51, 80, 133, 158, 202]
105.0 1.0 0.03260869565217391 [81, 9, 16, 32, 142, 88]
135.0 1.0 0.007339449541284404 [121, 9, 30, 99, 154, 132]
80.0 1.0 0.006309148264984227 [58, 4, 28, 12, 93, 122]
80.0 1.0 0.03133903133903134 [91, 10, 22, 48, 120, 60]
135.0 1.0 0.0071174377224199285 [143, 4, 26, 47, 173, 169]
90.0 1.0 0.022222222222222223 [57, 17, 31, 62, 148, 180]
225.0 1.0 0.011824324324324325 [116, 27, 64, 91, 151, 143]
142.5 64.54649486997725 1.0 0.0
[1128.5, 860.5, 685.5, 664.5, 394.5, 371.0, 237.0, 211.5, 254.0, 142.5]
[697.506451583066, 250.4540876088869, 248.05694910645016, 387.881747443728, 196.10520135886247, 209.9380861111199, 154.11359446849588, 172.5115938132855, 168.49035580709062, 64.54649486997725]
[0.09663703270892207, 0.19615873747819335, 0.2901088665374671, 0.39464889595458286, 0.5072737501829329, 0.5926048159554388, 0.7080735415219237, 0.7975033770353881, 0.9023858597030735, 1.0]
[0.0026147001329190757, 0.01089300781069592, 0.013731312390856646, 0.01150564812143614, 0.01716752974258868, 0.02132611566994577, 0.022390272669828744, 0.019450928854951456, 0.010790210961645664, 0.0]
Process 40261 detected
