pygame 1.9.6
Hello from the pygame community. https://www.pygame.org/contribute.html

WARNING: The TensorFlow contrib module will not be included in TensorFlow 2.0.
For more information, please see:
  * https://github.com/tensorflow/community/blob/master/rfcs/20180907-contrib-sunset.md
  * https://github.com/tensorflow/addons
If you depend on functionality not listed there, please file an issue.

Loading pretrained/dqn/Pong/1/tf_checkpoints/tf_ckpt-199
Online/Conv/weights:0 (8, 8, 4, 32)  
Online/Conv/biases:0 (32,)          
Online/Conv_1/weights:0 (4, 4, 32, 64) 
Online/Conv_1/biases:0 (64,)          
Online/Conv_2/weights:0 (3, 3, 64, 64) 
Online/Conv_2/biases:0 (64,)          
Online/fully_connected/weights:0 (7744, 512)    
Online/fully_connected/biases:0 (512,)         
Online/fully_connected_1/weights:0 (512, 6)       
Online/fully_connected_1/biases:0 (6,)           
Target/Conv/weights:0 (8, 8, 4, 32)  
Target/Conv/biases:0 (32,)          
Target/Conv_1/weights:0 (4, 4, 32, 64) 
Target/Conv_1/biases:0 (64,)          
Target/Conv_2/weights:0 (3, 3, 64, 64) 
Target/Conv_2/biases:0 (64,)          
Target/fully_connected/weights:0 (7744, 512)    
Target/fully_connected/biases:0 (512,)         
Target/fully_connected_1/weights:0 (512, 6)       
Target/fully_connected_1/biases:0 (6,)           
Loading pretrained/dqn/Pong/5/tf_checkpoints/tf_ckpt-199
Online/Conv/weights:0 (8, 8, 4, 32)  
Online/Conv/biases:0 (32,)          
Online/Conv_1/weights:0 (4, 4, 32, 64) 
Online/Conv_1/biases:0 (64,)          
Online/Conv_2/weights:0 (3, 3, 64, 64) 
Online/Conv_2/biases:0 (64,)          
Online/fully_connected/weights:0 (7744, 512)    
Online/fully_connected/biases:0 (512,)         
Online/fully_connected_1/weights:0 (512, 6)       
Online/fully_connected_1/biases:0 (6,)           
Target/Conv/weights:0 (8, 8, 4, 32)  
Target/Conv/biases:0 (32,)          
Target/Conv_1/weights:0 (4, 4, 32, 64) 
Target/Conv_1/biases:0 (64,)          
Target/Conv_2/weights:0 (3, 3, 64, 64) 
Target/Conv_2/biases:0 (64,)          
Target/fully_connected/weights:0 (7744, 512)    
Target/fully_connected/biases:0 (512,)         
Target/fully_connected_1/weights:0 (512, 6)       
Target/fully_connected_1/biases:0 (6,)           
Performing blockbox attack (perturbation is computed by source model)
attacker_policy: attack_large_prob_gap
targetted: False visualize: False decreasing_epsilons: True
epsilons: 100 max_epsilons: [0.01] attack_proportions: [0.1 0.2 0.3 0.4 0.5 0.6 0.7 0.8 0.9 1. ]
epsilons: 100 max_epsilon: 0.01 attack_proportion: 0.1
-15.0 0.08588621444201312 0.3885350318471338 [401, 95, 299, 126, 476, 431]
-13.0 0.09663865546218488 0.375 [360, 88, 324, 135, 503, 494]
-17.0 0.1073170731707317 0.42045454545454547 [328, 81, 274, 106, 408, 443]
-12.0 0.09574019401096584 0.36123348017621143 [444, 125, 328, 168, 678, 628]
-13.0 0.117 0.41452991452991456 [375, 112, 302, 171, 515, 525]
-12.0 0.10074074074074074 0.3382352941176471 [386, 89, 323, 146, 583, 498]
-13.0 0.10829817158931083 0.36363636363636365 [404, 89, 344, 165, 598, 533]
-12.0 0.09143407122232916 0.35789473684210527 [429, 100, 335, 167, 513, 534]
-14.0 0.11321748288572933 0.3813953488372093 [384, 89, 273, 141, 533, 479]
-15.0 0.0943683409436834 0.3064516129032258 [432, 103, 267, 157, 521, 491]
-13.6 1.5620499351813308 0.10106409444676889 0.009534469249875716
epsilons: 100 max_epsilon: 0.01 attack_proportion: 0.2
-18.0 0.21241830065359477 0.28846153846153844 [243, 83, 216, 82, 323, 277]
-21.0 0.21920289855072464 0.3140495867768595 [254, 76, 186, 80, 263, 245]
-19.0 0.2033112582781457 0.3517915309446254 [322, 84, 249, 109, 369, 377]
-19.0 0.23665893271461716 0.26143790849673204 [264, 90, 223, 77, 321, 318]
-15.0 0.20127388535031848 0.3987341772151899 [295, 106, 239, 102, 433, 395]
-17.0 0.20333839150227617 0.3358208955223881 [256, 83, 233, 90, 323, 333]
-19.0 0.1956521739130435 0.31196581196581197 [255, 64, 218, 84, 301, 274]
-20.0 0.22474977252047315 0.3522267206477733 [266, 79, 185, 78, 245, 246]
-20.0 0.21413721413721415 0.255663430420712 [321, 80, 247, 76, 397, 322]
-16.0 0.19115734720416125 0.30612244897959184 [341, 92, 243, 73, 407, 382]
-18.4 1.8 0.21019001748245691 0.013272974517187756
epsilons: 100 max_epsilon: 0.01 attack_proportion: 0.30000000000000004
-19.0 0.3 0.2897196261682243 [205, 81, 187, 53, 282, 262]
-19.0 0.2855787476280835 0.27906976744186046 [244, 73, 203, 54, 221, 259]
-19.0 0.3348873348873349 0.3433874709976798 [260, 95, 181, 66, 323, 362]
-15.0 0.2886056971514243 0.3064935064935065 [225, 91, 201, 90, 378, 349]
-19.0 0.3156716417910448 0.3144208037825059 [279, 115, 214, 73, 322, 337]
-20.0 0.3264 0.3382352941176471 [240, 90, 187, 66, 322, 345]
-17.0 0.2921933085501859 0.3435114503816794 [236, 106, 219, 78, 362, 344]
-21.0 0.3142311365807068 0.3465045592705167 [241, 84, 152, 67, 281, 222]
-19.0 0.2755591054313099 0.3217391304347826 [257, 81, 154, 76, 340, 344]
-20.0 0.30561330561330563 0.3401360544217687 [183, 84, 172, 65, 234, 224]
-18.8 1.6 0.30387402776333955 0.01799929011165083
epsilons: 100 max_epsilon: 0.01 attack_proportion: 0.4
-20.0 0.452353616532721 0.3223350253807107 [115, 95, 155, 41, 242, 223]
-16.0 0.45534290271132377 0.2819614711033275 [144, 127, 182, 71, 379, 351]
-20.0 0.4662309368191721 0.32710280373831774 [169, 71, 134, 67, 244, 233]
-17.0 0.42597187758478083 0.3145631067961165 [164, 100, 166, 76, 347, 356]
-20.0 0.4123524069028156 0.28193832599118945 [187, 96, 179, 71, 278, 290]
-17.0 0.39900071377587437 0.2898032200357782 [226, 106, 221, 91, 393, 364]
-20.0 0.436 0.3073394495412844 [153, 84, 156, 46, 285, 276]
-20.0 0.38545150501672243 0.30585683297180044 [277, 111, 163, 72, 288, 285]
-21.0 0.4243119266055046 0.27837837837837837 [168, 85, 140, 46, 217, 216]
-17.0 0.4087968952134541 0.3180379746835443 [223, 110, 246, 110, 434, 423]
-18.8 1.7204650534085253 0.4265812781162369 0.024756543327095884
epsilons: 100 max_epsilon: 0.01 attack_proportion: 0.5
-19.0 0.5264900662251656 0.2971698113207547 [173, 125, 199, 94, 313, 304]
-20.0 0.504739336492891 0.3348982785602504 [240, 129, 165, 78, 343, 311]
-21.0 0.5141884222474461 0.27593818984547464 [147, 101, 131, 52, 218, 232]
-21.0 0.5169851380042463 0.28952772073921973 [156, 101, 152, 59, 233, 241]
-19.0 0.4935064935064935 0.28771929824561404 [213, 113, 168, 55, 302, 304]
-18.0 0.5416666666666666 0.291958041958042 [144, 110, 179, 64, 292, 267]
-18.0 0.5244755244755245 0.3125925925925926 [161, 134, 205, 59, 345, 383]
-19.0 0.5273972602739726 0.287569573283859 [157, 91, 149, 81, 293, 251]
-20.0 0.5501968503937008 0.3094812164579606 [162, 96, 167, 73, 276, 242]
-18.0 0.4929453262786596 0.28622540250447226 [155, 99, 188, 57, 344, 291]
-19.3 1.0999999999999999 0.5192591084564767 0.01789493975917376
epsilons: 100 max_epsilon: 0.01 attack_proportion: 0.6000000000000001
-20.0 0.5921951219512195 0.29489291598023065 [191, 117, 132, 67, 266, 252]
-20.0 0.6650148662041625 0.30700447093889716 [133, 104, 120, 72, 307, 273]
-21.0 0.6004228329809725 0.2887323943661972 [155, 110, 164, 46, 248, 223]
-21.0 0.6089743589743589 0.32030075187969925 [172, 109, 196, 81, 269, 265]
-20.0 0.649641577060932 0.2868965517241379 [156, 132, 157, 73, 302, 296]
-20.0 0.5926966292134831 0.3175355450236967 [155, 118, 170, 62, 276, 287]
-17.0 0.6053584359160029 0.31100478468899523 [169, 177, 187, 75, 399, 374]
-17.0 0.6374309392265194 0.3423618634886241 [177, 154, 175, 99, 422, 421]
-17.0 0.5889235569422777 0.29403973509933773 [176, 140, 193, 66, 339, 368]
-20.0 0.5950920245398773 0.29896907216494845 [168, 106, 139, 96, 318, 314]
-19.3 1.5524174696260025 0.6135750343009805 0.025729245133931097
epsilons: 100 max_epsilon: 0.01 attack_proportion: 0.7000000000000001
-21.0 0.7208448117539027 0.27770700636942675 [155, 128, 163, 96, 272, 275]
-19.0 0.731686541737649 0.3224679860302678 [140, 155, 162, 96, 311, 310]
-21.0 0.7224157955865272 0.2958199356913183 [110, 113, 137, 59, 219, 223]
-21.0 0.7459016393442623 0.32005494505494503 [128, 116, 134, 75, 278, 245]
-21.0 0.7151394422310757 0.2938718662952646 [132, 128, 130, 60, 277, 277]
-18.0 0.7382397572078907 0.32476875642343267 [164, 180, 187, 90, 371, 326]
-21.0 0.7127532777115614 0.3093645484949833 [143, 106, 115, 54, 222, 199]
-20.0 0.7447864945382324 0.30933333333333335 [123, 112, 136, 82, 276, 278]
-18.0 0.7010398613518197 0.27812113720642767 [140, 145, 148, 77, 337, 307]
-21.0 0.7076271186440678 0.2619760479041916 [127, 123, 152, 66, 251, 225]
-20.1 1.2206555615733703 0.7240434740106989 0.014786132840682574
epsilons: 100 max_epsilon: 0.01 attack_proportion: 0.8
-18.0 0.8040478380864765 0.2997711670480549 [92, 145, 197, 65, 321, 267]
-20.0 0.797752808988764 0.28425096030729835 [107, 133, 137, 70, 263, 269]
-19.0 0.798326359832636 0.2966457023060797 [93, 159, 183, 75, 341, 344]
-21.0 0.8412371134020619 0.3125 [108, 132, 140, 85, 244, 261]
-18.0 0.7987307343608341 0.30533484676503975 [105, 135, 150, 76, 323, 314]
-19.0 0.7573770491803279 0.3333333333333333 [138, 169, 176, 90, 280, 367]
-19.0 0.7911764705882353 0.29244114002478316 [115, 133, 147, 81, 269, 275]
-19.0 0.7842287694974004 0.3060773480662983 [142, 135, 151, 64, 339, 323]
-18.0 0.7705570291777188 0.3055077452667814 [157, 155, 183, 118, 425, 470]
-21.0 0.8021653543307087 0.3042944785276074 [115, 133, 126, 76, 300, 266]
-19.2 1.0770329614269007 0.7945599527445164 0.02108384442468987
epsilons: 100 max_epsilon: 0.01 attack_proportion: 0.9
-15.0 0.8956109134045077 0.3211920529801324 [134, 244, 211, 134, 471, 492]
-21.0 0.8958837772397095 0.2851351351351351 [83, 128, 124, 69, 233, 189]
-20.0 0.9025641025641026 0.29318181818181815 [78, 155, 137, 88, 273, 244]
-20.0 0.9082397003745318 0.28350515463917525 [91, 152, 123, 82, 326, 294]
-19.0 0.9164086687306502 0.30518018018018017 [87, 157, 124, 57, 274, 270]
-20.0 0.9223300970873787 0.3017543859649123 [133, 181, 176, 85, 320, 341]
-20.0 0.8657487091222031 0.3081510934393638 [120, 168, 140, 81, 325, 328]
-19.0 0.8614938361131255 0.32996632996632996 [145, 204, 186, 99, 357, 388]
-19.0 0.9133333333333333 0.32429614181439 [65, 164, 159, 76, 294, 292]
-20.0 0.9094650205761317 0.2850678733031674 [79, 139, 122, 69, 278, 285]
-19.3 1.5524174696260022 0.8991078158545674 0.019477762580669748
epsilons: 100 max_epsilon: 0.01 attack_proportion: 1.0
-21.0 1.0 0.3112980769230769 [62, 140, 98, 63, 240, 229]
-21.0 1.0 0.33815551537070526 [111, 141, 123, 97, 292, 342]
-21.0 1.0 0.29607609988109396 [63, 148, 111, 77, 218, 224]
-20.0 1.0 0.3055555555555556 [78, 168, 130, 69, 290, 273]
-20.0 1.0 0.3175925925925926 [87, 169, 139, 71, 297, 317]
-21.0 1.0 0.30035026269702275 [117, 185, 141, 83, 299, 317]
-20.0 1.0 0.3074712643678161 [91, 186, 111, 85, 274, 297]
-21.0 1.0 0.31145833333333334 [90, 146, 109, 76, 241, 298]
-20.0 1.0 0.31158714703018503 [62, 214, 143, 82, 250, 276]
-16.0 1.0 0.30613577023498695 [117, 241, 215, 114, 387, 458]
-20.1 1.445683229480096 1.0 0.0
[-13.6, -18.4, -18.8, -18.8, -19.3, -19.3, -20.1, -19.2, -19.3, -20.1]
[1.5620499351813308, 1.8, 1.6, 1.7204650534085253, 1.0999999999999999, 1.5524174696260025, 1.2206555615733703, 1.0770329614269007, 1.5524174696260022, 1.445683229480096]
[0.10106409444676889, 0.21019001748245691, 0.30387402776333955, 0.4265812781162369, 0.5192591084564767, 0.6135750343009805, 0.7240434740106989, 0.7945599527445164, 0.8991078158545674, 1.0]
[0.009534469249875716, 0.013272974517187756, 0.01799929011165083, 0.024756543327095884, 0.01789493975917376, 0.025729245133931097, 0.014786132840682574, 0.02108384442468987, 0.019477762580669748, 0.0]
Process 120999 detected
