pygame 1.9.6
Hello from the pygame community. https://www.pygame.org/contribute.html

WARNING: The TensorFlow contrib module will not be included in TensorFlow 2.0.
For more information, please see:
  * https://github.com/tensorflow/community/blob/master/rfcs/20180907-contrib-sunset.md
  * https://github.com/tensorflow/addons
If you depend on functionality not listed there, please file an issue.

Loading pretrained/dqn/Seaquest/1/tf_checkpoints/tf_ckpt-199
Online/Conv/weights:0 (8, 8, 4, 32)  
Online/Conv/biases:0 (32,)          
Online/Conv_1/weights:0 (4, 4, 32, 64) 
Online/Conv_1/biases:0 (64,)          
Online/Conv_2/weights:0 (3, 3, 64, 64) 
Online/Conv_2/biases:0 (64,)          
Online/fully_connected/weights:0 (7744, 512)    
Online/fully_connected/biases:0 (512,)         
Online/fully_connected_1/weights:0 (512, 18)      
Online/fully_connected_1/biases:0 (18,)          
Target/Conv/weights:0 (8, 8, 4, 32)  
Target/Conv/biases:0 (32,)          
Target/Conv_1/weights:0 (4, 4, 32, 64) 
Target/Conv_1/biases:0 (64,)          
Target/Conv_2/weights:0 (3, 3, 64, 64) 
Target/Conv_2/biases:0 (64,)          
Target/fully_connected/weights:0 (7744, 512)    
Target/fully_connected/biases:0 (512,)         
Target/fully_connected_1/weights:0 (512, 18)      
Target/fully_connected_1/biases:0 (18,)          
attacker_policy: random
targetted: False visualize: False decreasing_epsilons: False
epsilons: 100 max_epsilons: [0.01] attack_proportions: [0.1 0.2 0.3 0.4 0.5 0.6 0.7 0.8 0.9 1. ]
epsilons: 100 max_epsilon: 0.01 attack_proportion: 0.1
960.0 0.09775019394879751 0.023809523809523808 [0, 18, 12, 5, 153, 290, 67, 0, 0, 43, 272, 49, 56, 253, 20, 35, 4, 12]
920.0 0.10850694444444445 0.04 [10, 6, 2, 20, 42, 324, 78, 0, 1, 40, 186, 18, 84, 205, 28, 84, 17, 7]
1200.0 0.09672830725462304 0.022058823529411766 [7, 14, 2, 9, 146, 348, 134, 0, 1, 53, 232, 29, 103, 221, 38, 53, 9, 7]
920.0 0.09233610341643583 0.03 [3, 11, 2, 5, 85, 356, 105, 0, 2, 25, 183, 15, 56, 153, 20, 54, 4, 4]
1440.0 0.0965559655596556 0.03184713375796178 [6, 5, 4, 11, 121, 449, 126, 0, 0, 45, 352, 43, 88, 269, 29, 60, 2, 16]
920.0 0.10024057738572574 0.024 [3, 14, 32, 10, 126, 266, 59, 1, 2, 24, 261, 58, 45, 267, 17, 33, 11, 18]
360.0 0.09728183118741059 0.0 [0, 14, 0, 4, 57, 197, 41, 0, 1, 4, 150, 11, 47, 130, 10, 19, 7, 7]
400.0 0.09840425531914894 0.013513513513513514 [3, 10, 3, 12, 67, 230, 34, 0, 0, 5, 101, 22, 39, 137, 16, 62, 8, 3]
1360.0 0.10519645120405577 0.060240963855421686 [6, 2, 10, 6, 142, 514, 191, 0, 0, 78, 247, 16, 103, 151, 43, 66, 0, 3]
980.0 0.09370078740157481 0.025210084033613446 [0, 18, 2, 7, 106, 381, 91, 1, 6, 47, 258, 18, 73, 177, 36, 43, 4, 2]
946.0 335.38634438509865 0.09867014171218723 0.004666058964664481
epsilons: 100 max_epsilon: 0.01 attack_proportion: 0.2
1160.0 0.19256308100929614 0.010344827586206896 [12, 16, 0, 13, 118, 389, 129, 1, 0, 46, 247, 31, 100, 265, 31, 91, 10, 7]
860.0 0.19981916817359854 0.02262443438914027 [4, 2, 5, 9, 122, 346, 132, 1, 9, 58, 147, 10, 81, 114, 18, 45, 2, 1]
1080.0 0.19186875891583452 0.022304832713754646 [2, 3, 10, 10, 179, 357, 166, 1, 0, 69, 185, 36, 105, 173, 36, 60, 5, 5]
2160.0 0.21346399659139326 0.029940119760479042 [32, 8, 26, 28, 209, 543, 228, 0, 4, 55, 394, 72, 126, 359, 56, 166, 17, 24]
1320.0 0.20159574468085106 0.0316622691292876 [0, 17, 78, 24, 163, 258, 75, 0, 1, 41, 476, 70, 69, 460, 25, 57, 35, 31]
500.0 0.19770408163265307 0.03870967741935484 [0, 4, 6, 5, 89, 176, 32, 0, 0, 11, 193, 21, 36, 179, 3, 20, 1, 8]
1420.0 0.19153936545240893 0.027607361963190184 [2, 13, 12, 16, 151, 503, 178, 0, 0, 66, 295, 22, 106, 213, 44, 70, 3, 8]
840.0 0.18129770992366412 0.03684210526315789 [3, 3, 3, 7, 141, 313, 98, 0, 8, 27, 135, 12, 98, 107, 38, 50, 1, 4]
1080.0 0.1842680262199563 0.023715415019762844 [1, 14, 3, 6, 122, 354, 88, 0, 6, 55, 266, 46, 70, 251, 29, 51, 3, 8]
500.0 0.17293233082706766 0.021739130434782608 [15, 9, 1, 9, 71, 213, 59, 0, 0, 5, 105, 21, 60, 147, 13, 62, 5, 3]
1092.0 460.7993055550323 0.19270522634267234 0.01086245308226356
epsilons: 100 max_epsilon: 0.01 attack_proportion: 0.30000000000000004
1460.0 0.2881002087682672 0.043478260869565216 [8, 13, 6, 15, 209, 458, 174, 0, 1, 86, 340, 34, 154, 257, 64, 73, 16, 8]
1180.0 0.28941034897713597 0.02494802494802495 [11, 13, 23, 15, 155, 254, 92, 0, 1, 58, 308, 65, 91, 389, 38, 125, 14, 10]
220.0 0.2791666666666667 0.07462686567164178 [0, 3, 0, 4, 57, 157, 39, 0, 4, 11, 62, 5, 39, 69, 6, 18, 2, 4]
1040.0 0.2833572453371593 0.043037974683544304 [2, 9, 33, 15, 149, 303, 88, 0, 7, 32, 223, 45, 79, 282, 30, 85, 4, 8]
1500.0 0.29720853858784896 0.029465930018416207 [5, 14, 7, 24, 209, 428, 182, 0, 5, 65, 335, 39, 110, 285, 63, 47, 3, 6]
1200.0 0.2892613283674736 0.030042918454935622 [1, 14, 4, 17, 123, 412, 138, 4, 6, 47, 323, 42, 92, 279, 41, 60, 1, 7]
1020.0 0.2955631399317406 0.023094688221709007 [2, 38, 5, 9, 155, 382, 132, 0, 1, 50, 264, 39, 74, 210, 29, 59, 5, 11]
1380.0 0.31231585150265173 0.022641509433962263 [3, 7, 45, 15, 109, 379, 118, 0, 8, 60, 363, 48, 95, 326, 39, 56, 4, 22]
840.0 0.2726537216828479 0.04451038575667656 [4, 11, 5, 11, 157, 349, 118, 0, 3, 47, 186, 21, 85, 164, 32, 37, 4, 2]
1040.0 0.2863372093023256 0.025380710659898477 [17, 13, 7, 14, 133, 332, 119, 0, 2, 60, 221, 17, 91, 220, 64, 49, 11, 6]
1088.0 351.93181157718607 0.28933742591241174 0.010280165257193635
epsilons: 100 max_epsilon: 0.01 attack_proportion: 0.4
1500.0 0.3921770458054555 0.04199475065616798 [22, 35, 4, 33, 189, 375, 187, 0, 2, 54, 298, 89, 117, 351, 47, 121, 7, 12]
1060.0 0.3886950453593859 0.017953321364452424 [9, 10, 5, 14, 177, 388, 168, 0, 3, 58, 200, 16, 87, 173, 53, 65, 5, 2]
740.0 0.39354187689202824 0.03076923076923077 [11, 17, 2, 14, 97, 273, 107, 0, 0, 24, 151, 10, 73, 140, 23, 42, 5, 2]
800.0 0.4022082018927445 0.03137254901960784 [0, 17, 6, 14, 141, 306, 102, 0, 7, 53, 229, 27, 62, 215, 41, 39, 6, 3]
680.0 0.39402427637721754 0.02843601895734597 [3, 4, 5, 18, 80, 242, 75, 0, 7, 24, 215, 36, 62, 221, 23, 44, 1, 11]
940.0 0.4083577712609971 0.03052064631956912 [6, 16, 13, 26, 158, 287, 111, 1, 3, 47, 200, 45, 73, 274, 21, 65, 14, 4]
1140.0 0.3979933110367893 0.02857142857142857 [12, 13, 2, 15, 189, 330, 144, 1, 2, 49, 214, 45, 85, 238, 50, 80, 15, 11]
800.0 0.37961335676625657 0.034722222222222224 [2, 15, 6, 24, 107, 306, 129, 0, 1, 42, 163, 15, 59, 167, 38, 43, 8, 13]
720.0 0.40851449275362317 0.017738359201773836 [3, 12, 3, 21, 81, 248, 96, 0, 0, 12, 219, 37, 45, 235, 25, 50, 9, 8]
1000.0 0.37664233576642336 0.029069767441860465 [17, 22, 2, 26, 86, 310, 91, 0, 1, 29, 185, 72, 81, 268, 28, 125, 11, 16]
938.0 238.06721739878424 0.39417677139109214 0.010196886331714866
epsilons: 100 max_epsilon: 0.01 attack_proportion: 0.5
680.0 0.48447712418300654 0.02866779089376054 [22, 6, 20, 25, 127, 245, 91, 0, 5, 20, 222, 46, 43, 266, 17, 53, 7, 9]
980.0 0.527296082209377 0.028014616321559074 [7, 34, 1, 21, 192, 361, 149, 0, 0, 80, 237, 26, 108, 202, 66, 60, 11, 2]
1040.0 0.49893692416725727 0.03551136363636364 [7, 16, 11, 22, 133, 355, 198, 1, 0, 56, 176, 11, 107, 186, 48, 65, 13, 6]
760.0 0.514745308310992 0.03125 [16, 17, 1, 24, 115, 263, 121, 0, 0, 31, 125, 22, 81, 197, 45, 55, 5, 1]
820.0 0.5058823529411764 0.02635658914728682 [2, 15, 4, 10, 131, 250, 125, 3, 0, 37, 254, 40, 78, 235, 20, 49, 13, 9]
1140.0 0.5044080604534005 0.031210986267166042 [17, 13, 2, 19, 169, 418, 187, 0, 15, 48, 245, 32, 91, 205, 49, 65, 10, 3]
1000.0 0.5036160420775806 0.022193211488250653 [12, 12, 5, 24, 152, 365, 147, 0, 2, 97, 230, 31, 78, 219, 56, 65, 16, 10]
820.0 0.49826086956521737 0.038394415357766144 [0, 12, 10, 13, 144, 281, 99, 0, 4, 36, 197, 24, 42, 190, 37, 45, 6, 10]
800.0 0.5212121212121212 0.03322259136212625 [7, 6, 1, 12, 121, 256, 125, 1, 3, 35, 205, 28, 57, 204, 30, 44, 4, 16]
820.0 0.5054308472121651 0.03724928366762178 [24, 21, 3, 21, 139, 286, 122, 0, 0, 47, 208, 38, 92, 230, 38, 91, 7, 14]
886.0 137.41906709041507 0.5064265732332294 0.011580860009617841
epsilons: 100 max_epsilon: 0.01 attack_proportion: 0.6000000000000001
440.0 0.5989583333333334 0.041304347826086954 [6, 10, 4, 12, 79, 199, 102, 0, 9, 25, 77, 12, 62, 105, 21, 42, 0, 3]
620.0 0.5759682224428997 0.039655172413793106 [11, 8, 9, 16, 83, 275, 104, 0, 0, 28, 148, 10, 70, 150, 28, 55, 9, 3]
200.0 0.5939597315436241 0.03954802259887006 [16, 9, 6, 19, 67, 171, 40, 0, 0, 11, 65, 19, 47, 83, 12, 24, 4, 3]
800.0 0.6074461136512084 0.01827956989247312 [13, 21, 9, 27, 120, 340, 169, 3, 1, 59, 162, 69, 71, 276, 33, 144, 8, 6]
760.0 0.6014598540145986 0.02912621359223301 [1, 16, 34, 9, 203, 238, 68, 0, 1, 38, 272, 54, 82, 255, 28, 39, 8, 24]
1000.0 0.5907928388746803 0.027056277056277056 [23, 12, 4, 21, 155, 312, 173, 0, 0, 54, 209, 31, 100, 285, 47, 106, 15, 17]
660.0 0.594306049822064 0.03293413173652695 [9, 15, 2, 17, 117, 304, 125, 0, 0, 39, 135, 19, 74, 142, 44, 72, 10, 0]
720.0 0.5718370264474625 0.02375 [29, 21, 6, 33, 106, 237, 86, 1, 1, 57, 219, 65, 70, 276, 36, 123, 18, 15]
980.0 0.6239520958083832 0.025911708253358926 [22, 20, 2, 21, 212, 274, 135, 0, 3, 42, 226, 79, 93, 333, 68, 114, 10, 16]
640.0 0.5972727272727273 0.030441400304414 [20, 17, 2, 16, 122, 266, 119, 3, 2, 36, 162, 20, 74, 161, 20, 46, 12, 2]
682.0 225.46840133375673 0.5955952993210982 0.01403618545277593
epsilons: 100 max_epsilon: 0.01 attack_proportion: 0.7000000000000001
860.0 0.6939432989690721 0.013927576601671309 [32, 17, 0, 23, 159, 280, 116, 0, 1, 43, 236, 72, 78, 295, 47, 121, 10, 22]
160.0 0.7304832713754646 0.020356234096692113 [5, 12, 2, 20, 29, 131, 61, 1, 0, 10, 73, 4, 33, 106, 9, 26, 12, 4]
240.0 0.733102253032929 0.016548463356973995 [1, 11, 3, 17, 65, 125, 23, 0, 7, 19, 80, 16, 45, 103, 13, 37, 8, 4]
520.0 0.7013527575442248 0.019287833827893175 [8, 19, 10, 28, 100, 241, 88, 0, 1, 38, 125, 12, 57, 155, 32, 39, 1, 7]
400.0 0.6892596454640251 0.037821482602118005 [15, 7, 6, 14, 102, 206, 62, 0, 1, 22, 112, 36, 49, 183, 18, 103, 14, 9]
540.0 0.7303921568627451 0.032598274209012464 [37, 19, 27, 24, 189, 223, 93, 3, 7, 44, 229, 57, 64, 267, 40, 70, 18, 17]
860.0 0.7077656675749319 0.02791145332050048 [29, 30, 10, 14, 183, 256, 130, 1, 4, 43, 165, 56, 89, 279, 42, 116, 14, 7]
760.0 0.7080867850098619 0.012999071494893221 [16, 11, 8, 29, 161, 292, 161, 1, 8, 63, 226, 17, 73, 282, 49, 100, 10, 14]
540.0 0.7104779411764706 0.019404915912031046 [28, 10, 7, 27, 76, 223, 88, 0, 0, 53, 131, 8, 62, 240, 26, 97, 8, 4]
360.0 0.7055771725032426 0.007352941176470588 [6, 13, 0, 27, 79, 194, 87, 1, 3, 15, 92, 9, 41, 123, 24, 39, 10, 8]
524.0 231.82752209347362 0.7110440949512967 0.014660881421189887
epsilons: 100 max_epsilon: 0.01 attack_proportion: 0.8
220.0 0.8219633943427621 0.018218623481781375 [19, 6, 2, 26, 64, 122, 58, 0, 8, 10, 68, 19, 34, 109, 7, 29, 15, 5]
140.0 0.7846385542168675 0.015355086372360844 [24, 8, 6, 24, 58, 98, 50, 0, 0, 12, 65, 21, 42, 146, 18, 77, 8, 7]
380.0 0.8133640552995391 0.014164305949008499 [1, 10, 5, 9, 137, 176, 79, 3, 10, 28, 119, 40, 35, 134, 27, 38, 11, 6]
460.0 0.8228980322003577 0.010869565217391304 [29, 10, 3, 29, 152, 222, 111, 0, 3, 34, 119, 20, 57, 200, 44, 58, 15, 12]
480.0 0.7974137931034483 0.025675675675675677 [21, 22, 4, 35, 112, 183, 90, 0, 1, 24, 95, 25, 56, 165, 22, 56, 7, 10]
800.0 0.7905048982667672 0.023832221163012392 [18, 26, 6, 27, 240, 281, 125, 0, 0, 37, 150, 26, 83, 198, 56, 40, 7, 7]
740.0 0.8078381795195955 0.017214397496087636 [49, 9, 3, 31, 170, 340, 151, 1, 0, 48, 183, 32, 71, 266, 54, 143, 13, 18]
200.0 0.8220973782771536 0.004555808656036446 [11, 15, 1, 28, 48, 110, 41, 1, 1, 16, 57, 3, 23, 113, 17, 31, 10, 8]
360.0 0.8114942528735632 0.021246458923512748 [10, 12, 5, 33, 124, 184, 113, 0, 0, 27, 65, 25, 43, 142, 33, 37, 8, 9]
580.0 0.8008583690987124 0.031082529474812434 [26, 8, 9, 25, 106, 214, 100, 0, 5, 37, 157, 34, 46, 234, 36, 104, 9, 15]
436.0 211.43320458244017 0.8073070907198767 0.012910375931740938
epsilons: 100 max_epsilon: 0.01 attack_proportion: 0.9
200.0 0.897239263803681 0.03418803418803419 [0, 9, 1, 31, 80, 141, 72, 0, 12, 14, 88, 5, 34, 113, 21, 24, 4, 3]
100.0 0.8891402714932126 0.007633587786259542 [28, 13, 3, 26, 42, 89, 48, 2, 3, 3, 36, 5, 27, 80, 5, 16, 11, 5]
220.0 0.8707692307692307 0.015901060070671377 [12, 6, 1, 33, 102, 119, 70, 0, 2, 18, 70, 15, 16, 114, 25, 35, 3, 9]
220.0 0.9188405797101449 0.017350157728706624 [14, 10, 8, 41, 75, 113, 68, 0, 3, 13, 88, 8, 27, 155, 11, 36, 4, 16]
120.0 0.9041916167664671 0.019867549668874173 [10, 5, 14, 29, 44, 63, 35, 3, 3, 10, 59, 13, 27, 147, 7, 18, 3, 11]
480.0 0.8807511737089202 0.03091684434968017 [2, 14, 7, 28, 136, 208, 87, 0, 6, 25, 148, 58, 50, 205, 18, 59, 3, 11]
160.0 0.8907103825136612 0.012269938650306749 [8, 12, 1, 33, 78, 93, 52, 0, 4, 18, 67, 11, 21, 92, 13, 34, 5, 7]
60.0 0.8816705336426914 0.002631578947368421 [42, 11, 0, 26, 29, 75, 37, 2, 2, 10, 49, 7, 16, 80, 6, 20, 6, 13]
20.0 0.889487870619946 0.021212121212121213 [10, 0, 3, 25, 32, 81, 32, 0, 9, 6, 38, 1, 23, 71, 4, 29, 5, 2]
160.0 0.8879598662207357 0.02071563088512241 [13, 1, 2, 27, 97, 98, 56, 0, 6, 11, 83, 12, 14, 115, 18, 25, 4, 16]
174.0 120.01666550941998 0.8910760789248693 0.01266657012724761
epsilons: 100 max_epsilon: 0.01 attack_proportion: 1.0
120.0 1.0 0.03146067415730337 [0, 16, 0, 43, 33, 65, 61, 0, 3, 15, 33, 1, 23, 87, 11, 46, 7, 1]
120.0 1.0 0.02768166089965398 [3, 18, 4, 29, 75, 84, 39, 0, 6, 26, 96, 13, 19, 105, 25, 26, 8, 2]
120.0 1.0 0.0196078431372549 [15, 26, 4, 34, 116, 70, 30, 0, 4, 7, 102, 34, 34, 113, 4, 32, 6, 32]
180.0 1.0 0.02807486631016043 [30, 10, 0, 40, 125, 86, 69, 0, 1, 18, 72, 12, 66, 134, 34, 26, 11, 14]
480.0 1.0 0.01867572156196944 [0, 31, 3, 39, 271, 197, 92, 0, 0, 35, 177, 39, 34, 181, 27, 24, 10, 18]
440.0 1.0 0.018231540565177756 [16, 13, 42, 45, 215, 66, 27, 0, 5, 6, 141, 68, 49, 282, 8, 63, 18, 33]
300.0 1.0 0.018915510718789406 [8, 17, 3, 42, 138, 101, 72, 0, 6, 25, 74, 37, 32, 158, 20, 45, 4, 11]
280.0 1.0 0.011428571428571429 [55, 11, 3, 29, 115, 119, 51, 0, 6, 21, 122, 43, 41, 134, 23, 54, 14, 34]
60.0 1.0 0.015463917525773196 [8, 3, 7, 24, 23, 77, 28, 2, 7, 4, 59, 3, 6, 95, 1, 25, 4, 12]
80.0 1.0 0.007961783439490446 [14, 4, 4, 41, 72, 77, 36, 0, 2, 9, 110, 22, 28, 128, 11, 27, 13, 30]
218.0 142.3938200906205 1.0 0.0
[946.0, 1092.0, 1088.0, 938.0, 886.0, 682.0, 524.0, 436.0, 174.0, 218.0]
[335.38634438509865, 460.7993055550323, 351.93181157718607, 238.06721739878424, 137.41906709041507, 225.46840133375673, 231.82752209347362, 211.43320458244017, 120.01666550941998, 142.3938200906205]
[0.09867014171218723, 0.19270522634267234, 0.28933742591241174, 0.39417677139109214, 0.5064265732332294, 0.5955952993210982, 0.7110440949512967, 0.8073070907198767, 0.8910760789248693, 1.0]
[0.004666058964664481, 0.01086245308226356, 0.010280165257193635, 0.010196886331714866, 0.011580860009617841, 0.01403618545277593, 0.014660881421189887, 0.012910375931740938, 0.01266657012724761, 0.0]
Process 1630 detected
