pygame 1.9.6
Hello from the pygame community. https://www.pygame.org/contribute.html

WARNING: The TensorFlow contrib module will not be included in TensorFlow 2.0.
For more information, please see:
  * https://github.com/tensorflow/community/blob/master/rfcs/20180907-contrib-sunset.md
  * https://github.com/tensorflow/addons
If you depend on functionality not listed there, please file an issue.

Loading pretrained/dqn/Pong/1/tf_checkpoints/tf_ckpt-199
Online/Conv/weights:0 (8, 8, 4, 32)  
Online/Conv/biases:0 (32,)          
Online/Conv_1/weights:0 (4, 4, 32, 64) 
Online/Conv_1/biases:0 (64,)          
Online/Conv_2/weights:0 (3, 3, 64, 64) 
Online/Conv_2/biases:0 (64,)          
Online/fully_connected/weights:0 (7744, 512)    
Online/fully_connected/biases:0 (512,)         
Online/fully_connected_1/weights:0 (512, 6)       
Online/fully_connected_1/biases:0 (6,)           
Target/Conv/weights:0 (8, 8, 4, 32)  
Target/Conv/biases:0 (32,)          
Target/Conv_1/weights:0 (4, 4, 32, 64) 
Target/Conv_1/biases:0 (64,)          
Target/Conv_2/weights:0 (3, 3, 64, 64) 
Target/Conv_2/biases:0 (64,)          
Target/fully_connected/weights:0 (7744, 512)    
Target/fully_connected/biases:0 (512,)         
Target/fully_connected_1/weights:0 (512, 6)       
Target/fully_connected_1/biases:0 (6,)           
attacker_policy: attack_large_prob_gap
targetted: False visualize: False decreasing_epsilons: False
epsilons: 100 max_epsilons: [0.01] attack_proportions: [0.1 0.2 0.3 0.4 0.5 0.6 0.7 0.8 0.9 1. ]
epsilons: 100 max_epsilon: 0.01 attack_proportion: 0.1
-18.0 0.1258034894398531 0.0072992700729927005 [260, 56, 207, 74, 269, 223]
-19.0 0.11863270777479892 0.0 [350, 75, 306, 134, 352, 275]
-21.0 0.13172541743970315 0.0 [283, 77, 197, 116, 209, 196]
-21.0 0.14576271186440679 0.005813953488372093 [317, 74, 194, 136, 226, 233]
-21.0 0.11217183770883055 0.02127659574468085 [375, 60, 184, 136, 253, 249]
-17.0 0.1154962275101567 0.020100502512562814 [376, 82, 247, 153, 443, 422]
-19.0 0.11337406653088934 0.005988023952095809 [378, 90, 245, 122, 332, 306]
-20.0 0.13606911447084233 0.0 [186, 43, 194, 108, 196, 199]
-20.0 0.11299435028248588 0.007142857142857143 [309, 59, 195, 96, 335, 245]
-18.0 0.12387387387387387 0.0 [315, 70, 258, 88, 319, 282]
-19.4 1.3564659966250538 0.12359037968958406 0.010749948854594635
epsilons: 100 max_epsilon: 0.01 attack_proportion: 0.2
-21.0 0.23107971745711403 0.004366812227074236 [301, 65, 169, 74, 182, 200]
-18.0 0.22841225626740946 0.003048780487804878 [325, 78, 251, 110, 342, 330]
-18.0 0.22044960116026105 0.0 [415, 88, 222, 86, 274, 294]
-18.0 0.235045742434905 0.005988023952095809 [407, 89, 197, 93, 291, 344]
-19.0 0.23387096774193547 0.0028735632183908046 [344, 107, 200, 114, 352, 371]
-21.0 0.2306878306878307 0.0 [294, 55, 180, 65, 202, 149]
-20.0 0.27533265097236437 0.0 [222, 69, 211, 69, 199, 207]
-19.0 0.2543307086614173 0.0 [276, 97, 186, 136, 292, 283]
-19.0 0.25456292026897215 0.0 [243, 60, 184, 72, 265, 217]
-20.0 0.2693877551020408 0.0 [256, 66, 170, 57, 216, 215]
-19.3 1.0999999999999999 0.24331601507542505 0.017788806071114008
epsilons: 100 max_epsilon: 0.01 attack_proportion: 0.30000000000000004
-19.0 0.32801595214356927 0.00303951367781155 [307, 73, 224, 22, 242, 135]
-18.0 0.33807829181494664 0.0 [332, 100, 314, 79, 336, 244]
-19.0 0.3645833333333333 0.0025974025974025974 [288, 100, 178, 58, 238, 194]
-20.0 0.33002705139765554 0.0 [325, 61, 203, 76, 247, 197]
-19.0 0.37 0.0 [317, 42, 251, 29, 213, 148]
-19.0 0.3905882352941176 0.0 [322, 76, 237, 103, 266, 271]
-20.0 0.3295081967213115 0.0 [329, 86, 189, 100, 261, 255]
-21.0 0.3591101694915254 0.0 [282, 75, 153, 68, 177, 189]
-17.0 0.31511254019292606 0.0 [312, 67, 257, 57, 306, 245]
-20.0 0.32298850574712645 0.0 [278, 34, 225, 19, 207, 107]
-19.2 1.077032961426901 0.3448012276136511 0.023374805106281517
epsilons: 100 max_epsilon: 0.01 attack_proportion: 0.4
-21.0 0.47280334728033474 0.0 [285, 61, 142, 85, 183, 200]
-18.0 0.386685552407932 0.0018315018315018315 [401, 97, 194, 87, 275, 358]
-20.0 0.44805194805194803 0.002070393374741201 [310, 74, 231, 62, 181, 220]
-20.0 0.4682752457551385 0.0019083969465648854 [289, 55, 180, 87, 251, 257]
-20.0 0.4240062353858145 0.001838235294117647 [389, 88, 214, 80, 240, 272]
-20.0 0.4860215053763441 0.0 [259, 49, 195, 60, 191, 176]
-17.0 0.49212303075768943 0.001524390243902439 [293, 97, 202, 98, 343, 300]
-18.0 0.5325318246110325 0.0 [362, 83, 216, 122, 313, 318]
-21.0 0.4619883040935672 0.0 [238, 42, 142, 63, 168, 202]
-18.0 0.40714285714285714 0.0035087719298245615 [389, 103, 233, 84, 325, 266]
-19.3 1.345362404707371 0.4579629850862658 0.040953547698814714
epsilons: 100 max_epsilon: 0.01 attack_proportion: 0.5
-19.0 0.5155339805825243 0.003766478342749529 [305, 79, 165, 74, 194, 213]
-19.0 0.5110356536502547 0.0 [348, 80, 181, 81, 258, 230]
-17.0 0.4963744232036915 0.0013280212483399733 [428, 111, 240, 98, 312, 328]
-21.0 0.5535307517084282 0.0 [301, 52, 124, 84, 157, 160]
-21.0 0.5697167755991286 0.0 [338, 77, 135, 74, 144, 150]
-19.0 0.5378151260504201 0.0 [344, 73, 185, 86, 272, 230]
-19.0 0.48256880733944957 0.0 [349, 71, 191, 61, 207, 211]
-20.0 0.5384615384615384 0.0 [333, 68, 150, 83, 195, 185]
-21.0 0.5570321151716501 0.0019880715705765406 [327, 51, 169, 48, 156, 152]
-19.0 0.5641838351822503 0.0014044943820224719 [390, 65, 216, 75, 224, 292]
-19.5 1.2041594578792296 0.5326253006949335 0.02836097630839651
epsilons: 100 max_epsilon: 0.01 attack_proportion: 0.6000000000000001
-19.0 0.6571952337305225 0.0 [357, 68, 196, 83, 170, 217]
-17.0 0.6072463768115942 0.0 [389, 88, 256, 85, 265, 297]
-19.0 0.6239316239316239 0.0 [329, 74, 171, 74, 194, 211]
-17.0 0.583266291230893 0.0 [404, 75, 267, 44, 225, 228]
-17.0 0.5718701700154559 0.004054054054054054 [345, 93, 239, 71, 247, 299]
-18.0 0.6567278287461774 0.0011641443538998836 [385, 74, 188, 108, 280, 273]
-21.0 0.6637649619151251 0.0 [311, 69, 136, 73, 152, 178]
-17.0 0.5755627009646302 0.0013966480446927375 [384, 69, 203, 98, 236, 254]
-20.0 0.6963519313304721 0.0015408320493066256 [274, 71, 159, 79, 161, 188]
-20.0 0.6272430668841762 0.0 [378, 96, 185, 120, 228, 219]
-18.5 1.4317821063276353 0.6263160185560671 0.03993692683581218
epsilons: 100 max_epsilon: 0.01 attack_proportion: 0.7000000000000001
-19.0 0.7717584369449378 0.0 [350, 69, 188, 80, 186, 253]
-18.0 0.6577453365774534 0.0 [403, 79, 235, 61, 191, 264]
-19.0 0.7051070840197694 0.0011682242990654205 [372, 86, 217, 84, 195, 260]
-20.0 0.7530434782608696 0.0011547344110854503 [327, 74, 209, 75, 192, 273]
-18.0 0.7343887423043096 0.0023952095808383233 [340, 79, 184, 77, 186, 271]
-19.0 0.7377431906614786 0.0 [400, 95, 229, 76, 214, 271]
-19.0 0.711304347826087 0.0 [359, 66, 164, 101, 174, 286]
-20.0 0.7404580152671756 0.0 [294, 92, 197, 70, 178, 217]
-20.0 0.6761819803746655 0.0 [399, 54, 198, 79, 189, 202]
-21.0 0.75192096597146 0.00145985401459854 [298, 70, 143, 63, 161, 176]
-19.3 0.9000000000000001 0.7239651578208207 0.034155516299942935
epsilons: 100 max_epsilon: 0.01 attack_proportion: 0.8
-20.0 0.8143908421913328 0.0 [444, 75, 171, 79, 217, 237]
-20.0 0.7985927880386984 0.0022026431718061676 [362, 86, 154, 91, 180, 264]
-15.0 0.7928358208955224 0.0007530120481927711 [520, 128, 255, 99, 287, 386]
-18.0 0.8122923588039868 0.0 [439, 63, 191, 75, 180, 256]
-18.0 0.7689946277820414 0.0 [427, 89, 221, 63, 216, 287]
-21.0 0.8194154488517745 0.0012738853503184713 [324, 70, 114, 104, 154, 192]
-20.0 0.7911010558069381 0.0009532888465204957 [468, 64, 176, 93, 220, 305]
-19.0 0.7451171875 0.001310615989515072 [361, 68, 141, 78, 182, 194]
-19.0 0.8271812080536913 0.0 [394, 89, 175, 73, 189, 272]
-20.0 0.8056713928273561 0.0010351966873706005 [389, 72, 185, 110, 193, 250]
-19.0 1.61245154965971 0.7975592730751341 0.023563791071219562
epsilons: 100 max_epsilon: 0.01 attack_proportion: 0.9
-21.0 0.9064089521871821 0.0 [324, 63, 139, 73, 177, 207]
-19.0 0.8605683836589698 0.0010319917440660474 [363, 90, 177, 76, 173, 247]
-21.0 0.8932527693856999 0.0 [341, 54, 127, 102, 147, 222]
-20.0 0.8855273916598528 0.002770083102493075 [378, 71, 197, 98, 228, 251]
-20.0 0.9106194690265487 0.0 [345, 88, 157, 105, 184, 251]
-18.0 0.8847826086956522 0.0 [490, 100, 175, 84, 228, 303]
-19.0 0.9064748201438849 0.000992063492063492 [384, 72, 158, 85, 165, 248]
-19.0 0.8848484848484849 0.0029354207436399216 [380, 84, 191, 77, 178, 245]
-18.0 0.8770992366412214 0.0 [418, 93, 205, 97, 207, 290]
-19.0 0.8555729984301413 0.001834862385321101 [428, 95, 182, 70, 214, 285]
-19.4 1.0198039027185568 0.8865155114677638 0.017738747130150577
epsilons: 100 max_epsilon: 0.01 attack_proportion: 1.0
-18.0 1.0 0.0 [435, 96, 148, 97, 242, 281]
-16.0 1.0 0.0006265664160401002 [491, 120, 226, 109, 289, 361]
-21.0 1.0 0.0 [394, 66, 143, 86, 243, 249]
-17.0 1.0 0.0 [471, 105, 195, 91, 261, 314]
-21.0 1.0 0.0 [354, 57, 141, 70, 187, 196]
-21.0 1.0 0.000791765637371338 [397, 89, 156, 98, 252, 271]
-21.0 1.0 0.0 [398, 88, 145, 107, 222, 264]
-18.0 1.0 0.0008305647840531562 [390, 82, 151, 103, 210, 268]
-20.0 1.0 0.0 [462, 92, 146, 83, 257, 283]
-21.0 1.0 0.0 [295, 59, 116, 60, 139, 181]
-19.4 1.8547236990991407 1.0 0.0
[-19.4, -19.3, -19.2, -19.3, -19.5, -18.5, -19.3, -19.0, -19.4, -19.4]
[1.3564659966250538, 1.0999999999999999, 1.077032961426901, 1.345362404707371, 1.2041594578792296, 1.4317821063276353, 0.9000000000000001, 1.61245154965971, 1.0198039027185568, 1.8547236990991407]
[0.12359037968958406, 0.24331601507542505, 0.3448012276136511, 0.4579629850862658, 0.5326253006949335, 0.6263160185560671, 0.7239651578208207, 0.7975592730751341, 0.8865155114677638, 1.0]
[0.010749948854594635, 0.017788806071114008, 0.023374805106281517, 0.040953547698814714, 0.02836097630839651, 0.03993692683581218, 0.034155516299942935, 0.023563791071219562, 0.017738747130150577, 0.0]
Process 36822 detected
