pygame 1.9.6
Hello from the pygame community. https://www.pygame.org/contribute.html

WARNING: The TensorFlow contrib module will not be included in TensorFlow 2.0.
For more information, please see:
  * https://github.com/tensorflow/community/blob/master/rfcs/20180907-contrib-sunset.md
  * https://github.com/tensorflow/addons
If you depend on functionality not listed there, please file an issue.

Loading pretrained/dqn/Riverraid/1/tf_checkpoints/tf_ckpt-199
Online/Conv/weights:0 (8, 8, 4, 32)  
Online/Conv/biases:0 (32,)          
Online/Conv_1/weights:0 (4, 4, 32, 64) 
Online/Conv_1/biases:0 (64,)          
Online/Conv_2/weights:0 (3, 3, 64, 64) 
Online/Conv_2/biases:0 (64,)          
Online/fully_connected/weights:0 (7744, 512)    
Online/fully_connected/biases:0 (512,)         
Online/fully_connected_1/weights:0 (512, 18)      
Online/fully_connected_1/biases:0 (18,)          
Target/Conv/weights:0 (8, 8, 4, 32)  
Target/Conv/biases:0 (32,)          
Target/Conv_1/weights:0 (4, 4, 32, 64) 
Target/Conv_1/biases:0 (64,)          
Target/Conv_2/weights:0 (3, 3, 64, 64) 
Target/Conv_2/biases:0 (64,)          
Target/fully_connected/weights:0 (7744, 512)    
Target/fully_connected/biases:0 (512,)         
Target/fully_connected_1/weights:0 (512, 18)      
Target/fully_connected_1/biases:0 (18,)          
attacker_policy: attack_large_prob_gap
targetted: False visualize: False decreasing_epsilons: False
epsilons: 100 max_epsilons: [0.01] attack_proportions: [0.1 0.2 0.3 0.4 0.5 0.6 0.7 0.8 0.9 1. ]
epsilons: 100 max_epsilon: 0.01 attack_proportion: 0.1
7010.0 0.11071107110711072 0.08943089430894309 [43, 40, 2, 31, 1, 51, 9, 29, 6, 1, 36, 17, 142, 3, 307, 188, 29, 176]
6040.0 0.109979633401222 0.037037037037037035 [38, 21, 0, 34, 2, 33, 3, 32, 1, 2, 38, 16, 148, 1, 250, 149, 29, 185]
7770.0 0.12443642921550947 0.06521739130434782 [24, 12, 3, 35, 8, 62, 9, 24, 10, 2, 35, 19, 116, 3, 327, 147, 29, 244]
3390.0 0.11598746081504702 0.04054054054054054 [7, 11, 0, 5, 1, 30, 0, 12, 5, 1, 18, 33, 112, 5, 194, 73, 16, 115]
3680.0 0.1251700680272109 0.043478260869565216 [2, 7, 0, 7, 2, 37, 0, 30, 6, 0, 26, 36, 87, 5, 205, 119, 18, 148]
6690.0 0.12310606060606061 0.023076923076923078 [16, 33, 1, 29, 9, 37, 8, 27, 10, 4, 28, 33, 116, 4, 319, 157, 31, 194]
2690.0 0.12776831345826234 0.05333333333333334 [8, 6, 1, 5, 2, 25, 0, 16, 4, 0, 13, 25, 98, 4, 175, 68, 16, 121]
3120.0 0.12942989214175654 0.03571428571428571 [8, 13, 1, 4, 1, 34, 1, 20, 7, 1, 20, 38, 69, 4, 204, 85, 11, 128]
3390.0 0.12852664576802508 0.024390243902439025 [4, 6, 0, 13, 2, 24, 0, 17, 3, 0, 13, 35, 76, 14, 208, 76, 17, 130]
3320.0 0.1451851851851852 0.04081632653061224 [33, 6, 0, 4, 0, 32, 0, 19, 6, 3, 28, 15, 73, 5, 187, 88, 20, 156]
4710.0 1828.3653901777948 0.12403007597253897 0.009760651693163994
epsilons: 100 max_epsilon: 0.01 attack_proportion: 0.2
2510.0 0.2 0.02857142857142857 [4, 51, 2, 12, 3, 23, 0, 7, 0, 0, 14, 12, 85, 6, 120, 61, 16, 109]
3260.0 0.2081377151799687 0.045112781954887216 [11, 13, 0, 5, 8, 21, 0, 6, 0, 0, 18, 35, 93, 4, 140, 77, 34, 174]
2670.0 0.17647058823529413 0.021505376344086023 [8, 31, 0, 11, 4, 18, 0, 8, 0, 0, 2, 32, 78, 4, 140, 57, 29, 105]
2600.0 0.19190140845070422 0.06422018348623854 [7, 11, 1, 10, 3, 23, 0, 7, 2, 0, 12, 34, 70, 3, 150, 79, 18, 138]
2200.0 0.18354430379746836 0.06896551724137931 [10, 6, 1, 5, 2, 21, 1, 4, 1, 0, 9, 26, 130, 3, 118, 46, 13, 78]
2270.0 0.2694610778443114 0.05185185185185185 [6, 11, 0, 2, 7, 23, 2, 11, 2, 1, 6, 35, 113, 6, 92, 56, 11, 117]
1920.0 0.18464730290456433 0.0449438202247191 [4, 28, 0, 4, 3, 23, 0, 0, 0, 0, 4, 3, 83, 1, 121, 56, 15, 137]
4630.0 0.2219482120838471 0.05555555555555555 [10, 37, 0, 19, 3, 31, 0, 23, 2, 0, 20, 22, 77, 26, 246, 117, 31, 147]
2720.0 0.2108626198083067 0.030303030303030304 [10, 12, 0, 15, 5, 25, 1, 15, 5, 1, 12, 30, 75, 3, 196, 80, 12, 129]
3080.0 0.1891891891891892 0.08035714285714286 [6, 14, 0, 3, 5, 21, 0, 7, 3, 0, 7, 34, 87, 2, 196, 84, 23, 100]
2786.0 721.0852931519266 0.20361624174936543 0.025695527824116313
epsilons: 100 max_epsilon: 0.01 attack_proportion: 0.30000000000000004
2010.0 0.21896162528216703 0.08247422680412371 [9, 8, 0, 5, 2, 23, 0, 6, 0, 0, 3, 26, 98, 3, 120, 56, 6, 78]
2370.0 0.2859504132231405 0.08092485549132948 [7, 13, 0, 11, 3, 27, 1, 16, 0, 0, 8, 38, 66, 8, 171, 67, 7, 162]
2370.0 0.24860853432282004 0.08955223880597014 [4, 14, 22, 7, 4, 19, 0, 4, 2, 0, 7, 9, 86, 3, 167, 85, 18, 88]
2090.0 0.24335378323108384 0.03361344537815126 [12, 9, 0, 3, 5, 21, 1, 7, 0, 0, 30, 31, 64, 3, 109, 43, 15, 136]
2630.0 0.2765957446808511 0.019230769230769232 [11, 11, 1, 5, 4, 22, 4, 8, 0, 0, 27, 10, 63, 2, 147, 71, 20, 158]
2210.0 0.28051001821493626 0.045454545454545456 [3, 34, 0, 3, 5, 35, 2, 10, 0, 0, 6, 30, 79, 2, 145, 89, 21, 85]
1990.0 0.22409638554216868 0.03225806451612903 [9, 33, 0, 7, 5, 21, 0, 2, 0, 0, 4, 27, 58, 2, 87, 37, 11, 112]
2690.0 0.3623417721518987 0.056768558951965066 [2, 9, 1, 14, 3, 21, 1, 7, 2, 0, 13, 32, 81, 8, 157, 82, 11, 188]
2450.0 0.2286282306163022 0.05217391304347826 [13, 35, 1, 7, 2, 19, 0, 4, 0, 0, 4, 33, 69, 2, 125, 49, 9, 131]
2360.0 0.24745762711864408 0.0684931506849315 [0, 8, 0, 10, 4, 46, 0, 7, 0, 0, 9, 34, 78, 3, 146, 76, 14, 155]
2317.0 229.43626565998673 0.26165041343840123 0.04041989856806204
epsilons: 100 max_epsilon: 0.01 attack_proportion: 0.4
2660.0 0.36538461538461536 0.06072874493927125 [12, 8, 0, 14, 11, 34, 0, 7, 0, 0, 18, 14, 118, 2, 175, 120, 37, 106]
1330.0 0.501010101010101 0.08870967741935484 [4, 32, 0, 1, 9, 35, 0, 7, 0, 0, 5, 10, 133, 1, 114, 46, 33, 65]
2570.0 0.3771186440677966 0.04868913857677903 [14, 14, 0, 17, 31, 34, 1, 6, 5, 1, 17, 32, 99, 5, 189, 83, 30, 130]
2600.0 0.40669856459330145 0.0392156862745098 [8, 10, 0, 14, 4, 24, 1, 12, 1, 1, 5, 32, 114, 4, 169, 93, 32, 103]
1000.0 0.4030612244897959 0.10126582278481013 [4, 32, 0, 5, 6, 15, 0, 1, 1, 0, 0, 4, 124, 0, 65, 62, 13, 60]
1890.0 0.3378119001919386 0.005681818181818182 [6, 11, 0, 7, 5, 26, 1, 10, 0, 1, 4, 10, 95, 3, 119, 78, 22, 123]
1290.0 0.41338582677165353 0.05238095238095238 [7, 33, 0, 5, 6, 33, 0, 2, 0, 0, 6, 1, 105, 1, 93, 117, 24, 75]
2200.0 0.35526315789473684 0.05761316872427984 [3, 28, 2, 7, 4, 52, 1, 14, 3, 0, 26, 35, 77, 5, 157, 88, 31, 151]
1230.0 0.38762886597938145 0.0797872340425532 [26, 10, 0, 6, 6, 18, 0, 3, 0, 0, 3, 2, 101, 0, 104, 82, 28, 96]
1970.0 0.35702479338842974 0.05555555555555555 [9, 29, 3, 11, 4, 32, 2, 12, 3, 0, 9, 10, 73, 5, 167, 76, 20, 140]
1874.0 596.7109853186885 0.39043876937717503 0.043718109357690355
epsilons: 100 max_epsilon: 0.01 attack_proportion: 0.5
1350.0 0.5720430107526882 0.05263157894736842 [7, 12, 0, 5, 9, 45, 22, 5, 0, 0, 4, 4, 115, 1, 104, 44, 13, 75]
1240.0 0.667953667953668 0.06936416184971098 [9, 47, 1, 8, 7, 29, 0, 8, 0, 0, 9, 17, 109, 3, 105, 50, 25, 91]
1480.0 0.553968253968254 0.06017191977077364 [8, 11, 0, 32, 8, 47, 1, 10, 1, 1, 25, 21, 90, 7, 137, 114, 40, 77]
380.0 0.6510263929618768 0.05855855855855856 [2, 7, 0, 25, 8, 20, 0, 2, 0, 0, 4, 2, 94, 0, 37, 82, 11, 47]
840.0 0.5225653206650831 0.09090909090909091 [7, 32, 0, 1, 7, 18, 22, 2, 0, 0, 5, 6, 101, 0, 80, 54, 21, 65]
970.0 0.5084388185654009 0.07883817427385892 [5, 34, 0, 5, 6, 33, 23, 5, 0, 0, 6, 5, 89, 0, 85, 87, 31, 60]
960.0 0.5142857142857142 0.09523809523809523 [6, 9, 0, 5, 6, 29, 0, 2, 0, 0, 13, 5, 95, 0, 128, 94, 19, 79]
2110.0 0.4148296593186373 0.028985507246376812 [12, 9, 0, 7, 7, 18, 3, 7, 0, 0, 1, 27, 96, 2, 118, 66, 14, 112]
1830.0 0.5523809523809524 0.05459770114942529 [8, 10, 0, 9, 9, 40, 0, 6, 0, 0, 10, 20, 103, 3, 132, 132, 30, 118]
1530.0 0.4358407079646018 0.050761421319796954 [7, 4, 0, 5, 8, 15, 0, 4, 0, 0, 4, 29, 102, 0, 133, 65, 13, 63]
1269.0 479.7176252755364 0.5393332498816876 0.07651652316268467
epsilons: 100 max_epsilon: 0.01 attack_proportion: 0.6000000000000001
420.0 0.6933333333333334 0.07307692307692308 [3, 9, 0, 0, 5, 28, 24, 3, 0, 0, 4, 4, 94, 2, 72, 49, 13, 65]
640.0 0.6058201058201058 0.048034934497816595 [8, 15, 0, 3, 6, 27, 22, 5, 0, 0, 27, 3, 78, 1, 46, 53, 15, 69]
440.0 0.6121883656509696 0.05429864253393665 [4, 10, 0, 4, 8, 29, 0, 0, 0, 0, 27, 2, 104, 1, 37, 64, 7, 64]
660.0 0.6603260869565217 0.06995884773662552 [5, 13, 1, 5, 28, 28, 1, 3, 0, 1, 9, 0, 69, 0, 43, 55, 8, 99]
640.0 0.7368421052631579 0.06746031746031746 [23, 9, 0, 1, 8, 28, 3, 3, 0, 0, 2, 4, 78, 1, 43, 73, 12, 54]
840.0 0.6402439024390244 0.06349206349206349 [7, 12, 0, 4, 7, 27, 24, 7, 0, 0, 12, 6, 103, 1, 97, 85, 32, 68]
1260.0 0.7450199203187251 0.06684491978609626 [28, 7, 1, 5, 7, 52, 1, 2, 0, 0, 11, 11, 100, 0, 105, 55, 34, 83]
620.0 0.5400943396226415 0.08296943231441048 [7, 13, 0, 3, 5, 21, 24, 2, 0, 0, 2, 5, 92, 1, 55, 88, 19, 87]
1600.0 0.46296296296296297 0.025 [24, 19, 0, 8, 7, 20, 0, 1, 0, 0, 2, 19, 74, 2, 112, 47, 12, 85]
580.0 0.6941489361702128 0.05747126436781609 [5, 17, 0, 2, 7, 27, 2, 1, 0, 0, 6, 23, 91, 0, 45, 52, 11, 87]
770.0 356.34253184260785 0.6390980058537655 0.0835788297016235
epsilons: 100 max_epsilon: 0.01 attack_proportion: 0.7000000000000001
440.0 0.6714697406340058 0.06437768240343347 [2, 8, 0, 1, 31, 36, 0, 1, 0, 0, 5, 0, 75, 1, 57, 48, 17, 65]
740.0 0.7841726618705036 0.09480122324159021 [7, 6, 0, 0, 9, 33, 18, 2, 0, 0, 8, 7, 95, 0, 65, 94, 17, 56]
240.0 0.7272727272727273 0.06896551724137931 [22, 11, 0, 2, 7, 37, 1, 1, 0, 0, 4, 22, 61, 0, 69, 34, 7, 41]
610.0 0.8313725490196079 0.07075471698113207 [9, 16, 1, 7, 8, 48, 0, 1, 0, 0, 30, 11, 105, 0, 67, 81, 29, 97]
520.0 0.7975460122699386 0.06153846153846154 [4, 4, 0, 1, 7, 39, 1, 1, 0, 0, 6, 2, 85, 1, 52, 67, 6, 50]
1010.0 0.8743455497382199 0.07984031936127745 [13, 15, 0, 6, 8, 61, 1, 7, 0, 0, 15, 20, 107, 3, 106, 80, 31, 100]
610.0 0.7527839643652561 0.06804733727810651 [6, 19, 0, 10, 7, 43, 2, 1, 0, 19, 13, 3, 87, 3, 81, 62, 17, 76]
360.0 0.7484276729559748 0.07142857142857142 [6, 18, 0, 2, 10, 27, 2, 1, 0, 0, 3, 0, 79, 2, 90, 46, 2, 30]
830.0 0.8155339805825242 0.04047619047619048 [5, 13, 0, 9, 8, 41, 0, 5, 0, 0, 12, 9, 127, 1, 103, 38, 30, 114]
520.0 0.9345238095238095 0.03503184713375796 [3, 16, 0, 1, 17, 29, 0, 3, 0, 0, 6, 0, 85, 2, 36, 75, 11, 52]
588.0 215.62931155109686 0.7937448668232567 0.07170290089368293
epsilons: 100 max_epsilon: 0.01 attack_proportion: 0.8
860.0 0.8929292929292929 0.049773755656108594 [5, 15, 1, 5, 6, 69, 2, 12, 0, 0, 37, 20, 72, 0, 74, 59, 25, 93]
520.0 0.8626506024096385 0.055865921787709494 [0, 14, 0, 3, 29, 41, 0, 2, 0, 0, 11, 2, 85, 0, 84, 61, 21, 62]
520.0 0.8615819209039548 0.12786885245901639 [1, 14, 0, 2, 8, 32, 0, 0, 0, 0, 12, 3, 78, 0, 78, 52, 10, 64]
660.0 0.8492753623188406 0.04778156996587031 [2, 13, 0, 2, 6, 28, 1, 2, 0, 1, 5, 0, 94, 22, 63, 53, 8, 45]
300.0 0.9452054794520548 0.04710144927536232 [9, 38, 0, 8, 5, 34, 0, 0, 0, 0, 4, 35, 58, 0, 28, 29, 5, 39]
320.0 0.7987804878048781 0.0648854961832061 [5, 14, 0, 0, 28, 31, 0, 2, 0, 0, 5, 1, 67, 0, 97, 24, 10, 44]
1460.0 0.8723021582733813 0.05567010309278351 [15, 14, 22, 21, 5, 52, 0, 14, 0, 1, 14, 21, 104, 3, 86, 58, 32, 94]
420.0 0.9504132231404959 0.05507246376811594 [6, 11, 0, 0, 7, 38, 0, 23, 0, 1, 11, 2, 91, 0, 74, 34, 5, 60]
500.0 0.9137614678899083 0.06626506024096386 [11, 17, 0, 5, 9, 62, 1, 3, 0, 1, 15, 37, 105, 4, 98, 71, 31, 75]
520.0 0.8134110787172012 0.05734767025089606 [6, 30, 2, 4, 6, 30, 22, 1, 0, 0, 7, 2, 91, 1, 33, 48, 8, 52]
608.0 322.5151159248199 0.8760311073839647 0.04799316591808225
epsilons: 100 max_epsilon: 0.01 attack_proportion: 0.9
1250.0 0.9033898305084745 0.05628517823639775 [8, 13, 0, 4, 5, 69, 1, 8, 0, 0, 15, 41, 113, 2, 94, 80, 36, 101]
440.0 0.8976608187134503 0.04560260586319218 [3, 9, 0, 0, 7, 38, 0, 1, 0, 0, 3, 3, 64, 2, 82, 21, 10, 99]
660.0 0.910828025477707 0.038461538461538464 [6, 13, 0, 0, 6, 36, 21, 0, 0, 0, 1, 26, 62, 1, 51, 40, 7, 44]
1270.0 0.9102040816326531 0.0515695067264574 [10, 14, 0, 6, 15, 54, 0, 5, 0, 0, 4, 10, 75, 1, 119, 68, 35, 74]
1200.0 0.9714828897338403 0.07045009784735812 [14, 12, 0, 4, 6, 79, 1, 6, 0, 0, 36, 18, 77, 0, 98, 43, 25, 107]
440.0 0.856353591160221 0.06774193548387097 [6, 13, 0, 1, 6, 56, 1, 2, 0, 0, 10, 2, 94, 0, 80, 27, 11, 53]
440.0 0.8925373134328358 0.06354515050167224 [6, 11, 0, 2, 5, 62, 1, 2, 0, 1, 3, 3, 108, 0, 51, 25, 11, 44]
560.0 0.9639175257731959 0.040106951871657755 [4, 13, 0, 2, 7, 35, 8, 1, 0, 1, 29, 19, 93, 0, 58, 48, 12, 58]
440.0 0.9222797927461139 0.047752808988764044 [3, 19, 0, 5, 8, 38, 0, 3, 0, 0, 17, 1, 93, 1, 88, 33, 5, 72]
440.0 0.9006211180124224 0.04827586206896552 [2, 11, 0, 1, 7, 63, 1, 3, 0, 0, 4, 1, 64, 2, 63, 50, 7, 43]
714.0 351.3744441475504 0.9129274987190914 0.03196851447882697
epsilons: 100 max_epsilon: 0.01 attack_proportion: 1.0
520.0 1.0 0.0395778364116095 [2, 16, 1, 22, 28, 42, 0, 3, 0, 0, 8, 5, 77, 0, 44, 68, 11, 52]
440.0 1.0 0.039886039886039885 [10, 4, 3, 0, 6, 31, 1, 23, 0, 0, 13, 2, 113, 1, 39, 48, 9, 48]
460.0 1.0 0.05917159763313609 [5, 8, 1, 1, 7, 39, 21, 2, 0, 1, 4, 0, 89, 0, 36, 53, 11, 60]
520.0 1.0 0.03642384105960265 [8, 7, 0, 2, 8, 22, 23, 0, 0, 0, 2, 1, 93, 0, 46, 43, 6, 41]
470.0 1.0 0.03731343283582089 [4, 14, 0, 3, 9, 70, 20, 6, 0, 0, 18, 17, 108, 0, 88, 72, 30, 77]
950.0 1.0 0.04267161410018553 [9, 36, 0, 31, 9, 46, 1, 5, 0, 1, 7, 20, 92, 0, 94, 65, 27, 96]
300.0 1.0 0.0456989247311828 [6, 13, 1, 2, 7, 59, 1, 1, 0, 0, 16, 2, 105, 1, 38, 30, 5, 85]
1050.0 1.0 0.0611439842209073 [8, 35, 3, 2, 8, 60, 2, 6, 0, 0, 15, 18, 89, 0, 95, 44, 18, 104]
1140.0 1.0 0.04364326375711575 [7, 11, 0, 4, 6, 59, 1, 5, 0, 0, 10, 23, 81, 23, 88, 84, 29, 96]
300.0 1.0 0.04533333333333334 [4, 13, 0, 1, 7, 41, 0, 3, 0, 0, 9, 3, 102, 0, 95, 37, 11, 49]
615.0 294.83045975611134 1.0 0.0
[4710.0, 2786.0, 2317.0, 1874.0, 1269.0, 770.0, 588.0, 608.0, 714.0, 615.0]
[1828.3653901777948, 721.0852931519266, 229.43626565998673, 596.7109853186885, 479.7176252755364, 356.34253184260785, 215.62931155109686, 322.5151159248199, 351.3744441475504, 294.83045975611134]
[0.12403007597253897, 0.20361624174936543, 0.26165041343840123, 0.39043876937717503, 0.5393332498816876, 0.6390980058537655, 0.7937448668232567, 0.8760311073839647, 0.9129274987190914, 1.0]
[0.009760651693163994, 0.025695527824116313, 0.04041989856806204, 0.043718109357690355, 0.07651652316268467, 0.0835788297016235, 0.07170290089368293, 0.04799316591808225, 0.03196851447882697, 0.0]
Process 47267 detected
