pygame 1.9.6
Hello from the pygame community. https://www.pygame.org/contribute.html

WARNING: The TensorFlow contrib module will not be included in TensorFlow 2.0.
For more information, please see:
  * https://github.com/tensorflow/community/blob/master/rfcs/20180907-contrib-sunset.md
  * https://github.com/tensorflow/addons
If you depend on functionality not listed there, please file an issue.

Loading pretrained/dqn/Riverraid/1/tf_checkpoints/tf_ckpt-199
Online/Conv/weights:0 (8, 8, 4, 32)  
Online/Conv/biases:0 (32,)          
Online/Conv_1/weights:0 (4, 4, 32, 64) 
Online/Conv_1/biases:0 (64,)          
Online/Conv_2/weights:0 (3, 3, 64, 64) 
Online/Conv_2/biases:0 (64,)          
Online/fully_connected/weights:0 (7744, 512)    
Online/fully_connected/biases:0 (512,)         
Online/fully_connected_1/weights:0 (512, 18)      
Online/fully_connected_1/biases:0 (18,)          
Target/Conv/weights:0 (8, 8, 4, 32)  
Target/Conv/biases:0 (32,)          
Target/Conv_1/weights:0 (4, 4, 32, 64) 
Target/Conv_1/biases:0 (64,)          
Target/Conv_2/weights:0 (3, 3, 64, 64) 
Target/Conv_2/biases:0 (64,)          
Target/fully_connected/weights:0 (7744, 512)    
Target/fully_connected/biases:0 (512,)         
Target/fully_connected_1/weights:0 (512, 18)      
Target/fully_connected_1/biases:0 (18,)          
attacker_policy: random
targetted: False visualize: False decreasing_epsilons: False
epsilons: 100 max_epsilons: [0.01] attack_proportions: [0.1 0.2 0.3 0.4 0.5 0.6 0.7 0.8 0.9 1. ]
epsilons: 100 max_epsilon: 0.01 attack_proportion: 0.1
12250.0 0.09940891993551854 0.021621621621621623 [29, 65, 21, 61, 2, 131, 11, 43, 5, 12, 91, 18, 210, 6, 511, 260, 69, 316]
4360.0 0.12142857142857143 0.047058823529411764 [3, 52, 1, 14, 4, 34, 1, 2, 0, 0, 19, 11, 145, 0, 193, 82, 20, 119]
8470.0 0.09181969949916527 0.00909090909090909 [15, 51, 0, 57, 3, 52, 1, 14, 4, 7, 41, 18, 173, 3, 330, 197, 42, 190]
11940.0 0.092660072878709 0.016853932584269662 [74, 52, 0, 42, 6, 191, 7, 54, 1, 24, 125, 41, 229, 3, 444, 264, 84, 280]
9910.0 0.09956076134699854 0.04411764705882353 [32, 40, 0, 55, 17, 74, 6, 28, 9, 6, 76, 8, 136, 4, 376, 174, 38, 287]
15780.0 0.09737661182747888 0.0182648401826484 [39, 63, 3, 68, 13, 143, 9, 52, 7, 15, 92, 36, 256, 7, 640, 386, 83, 337]
3330.0 0.10264900662251655 0.0 [2, 15, 0, 35, 2, 48, 8, 13, 0, 1, 10, 19, 60, 1, 190, 69, 12, 119]
9960.0 0.10421127765881513 0.0136986301369863 [16, 73, 1, 53, 11, 73, 9, 29, 11, 4, 68, 19, 162, 4, 376, 202, 54, 236]
8140.0 0.09163701067615658 0.019417475728155338 [9, 26, 0, 26, 5, 46, 1, 12, 0, 0, 27, 16, 145, 26, 344, 212, 41, 188]
12050.0 0.09982983550765741 0.005681818181818182 [81, 37, 0, 67, 9, 146, 4, 43, 5, 30, 87, 22, 190, 21, 423, 258, 77, 263]
9619.0 3565.025806358209 0.10005817673815873 0.008258854571320206
epsilons: 100 max_epsilon: 0.01 attack_proportion: 0.2
6840.0 0.18575553416746873 0.02072538860103627 [38, 33, 0, 35, 7, 55, 3, 27, 5, 4, 22, 25, 124, 2, 280, 160, 41, 178]
8150.0 0.21637866265965439 0.003472222222222222 [33, 39, 0, 40, 14, 74, 10, 29, 6, 9, 64, 22, 152, 5, 349, 218, 49, 218]
8340.0 0.21451612903225806 0.015037593984962405 [16, 40, 2, 34, 19, 82, 3, 26, 4, 4, 35, 47, 145, 9, 345, 179, 47, 203]
10070.0 0.20314547837483618 0.012903225806451613 [21, 61, 0, 43, 7, 76, 9, 21, 7, 9, 65, 17, 184, 0, 422, 227, 59, 298]
7940.0 0.1957983193277311 0.004291845493562232 [20, 31, 0, 39, 12, 63, 3, 24, 8, 5, 49, 27, 153, 12, 314, 190, 47, 193]
11480.0 0.19452367370222476 0.008797653958944282 [19, 79, 1, 54, 18, 109, 17, 26, 6, 8, 81, 28, 200, 3, 466, 250, 74, 314]
3910.0 0.1988555078683834 0.014388489208633094 [18, 24, 0, 7, 8, 33, 1, 18, 1, 0, 19, 31, 92, 4, 182, 91, 17, 153]
9350.0 0.17745620715917745 0.017167381974248927 [21, 53, 7, 31, 14, 63, 2, 13, 6, 3, 24, 31, 163, 0, 403, 206, 56, 217]
11930.0 0.18192557590076786 0.012987012987012988 [33, 52, 0, 48, 25, 94, 2, 38, 13, 7, 58, 31, 161, 3, 502, 227, 61, 338]
9210.0 0.17909407665505225 0.019455252918287938 [28, 72, 3, 56, 8, 66, 3, 19, 4, 7, 39, 29, 184, 3, 380, 212, 58, 264]
8722.0 2193.840468220057 0.19474491648475542 0.013177775121935771
epsilons: 100 max_epsilon: 0.01 attack_proportion: 0.30000000000000004
8620.0 0.28560431100846806 0.013477088948787063 [16, 65, 2, 39, 13, 51, 4, 20, 6, 2, 26, 31, 137, 2, 380, 155, 53, 297]
4300.0 0.2857142857142857 0.01904761904761905 [5, 18, 1, 15, 5, 53, 5, 12, 1, 0, 10, 23, 85, 9, 223, 99, 25, 146]
3930.0 0.28451882845188287 0.029411764705882353 [3, 50, 0, 25, 1, 25, 0, 4, 0, 0, 11, 30, 89, 4, 222, 88, 20, 145]
7710.0 0.2814625850340136 0.0 [19, 25, 1, 40, 7, 66, 23, 26, 5, 7, 33, 31, 126, 5, 321, 178, 42, 221]
4970.0 0.3071593533487298 0.022556390977443608 [9, 39, 1, 20, 4, 52, 1, 2, 2, 0, 21, 24, 101, 3, 266, 103, 19, 199]
5270.0 0.2816568047337278 0.0 [14, 41, 0, 18, 6, 26, 0, 13, 1, 1, 18, 36, 89, 4, 257, 96, 27, 198]
8260.0 0.3059581320450886 0.013157894736842105 [27, 34, 1, 55, 22, 70, 6, 28, 7, 3, 36, 30, 137, 27, 330, 172, 44, 213]
8870.0 0.2811572700296736 0.013192612137203167 [34, 25, 2, 58, 11, 88, 3, 36, 13, 3, 43, 25, 132, 2, 382, 205, 44, 242]
6350.0 0.30386178861788615 0.020066889632107024 [31, 57, 0, 30, 10, 77, 6, 14, 6, 2, 30, 19, 148, 0, 244, 126, 50, 134]
3580.0 0.30867709815078237 0.018433179723502304 [1, 64, 0, 23, 6, 26, 0, 3, 1, 0, 17, 13, 108, 1, 203, 104, 18, 115]
6186.0 1937.3858676061411 0.2925770457134539 0.011454692591742909
epsilons: 100 max_epsilon: 0.01 attack_proportion: 0.4
3720.0 0.4038748137108793 0.02214022140221402 [1, 43, 0, 20, 7, 28, 11, 9, 2, 0, 15, 10, 96, 2, 196, 72, 23, 136]
3760.0 0.3814713896457766 0.017857142857142856 [15, 24, 0, 11, 3, 63, 17, 11, 0, 0, 10, 17, 106, 4, 196, 101, 20, 136]
4530.0 0.3756476683937824 0.03793103448275862 [1, 25, 1, 23, 3, 53, 1, 12, 0, 0, 26, 22, 121, 0, 191, 94, 22, 177]
2910.0 0.38769230769230767 0.011904761904761904 [5, 32, 2, 18, 4, 37, 1, 11, 1, 0, 16, 20, 82, 14, 191, 90, 15, 111]
2930.0 0.3977812995245642 0.00796812749003984 [7, 40, 7, 13, 3, 43, 0, 9, 2, 0, 25, 36, 64, 7, 150, 98, 13, 114]
2700.0 0.4017857142857143 0.007407407407407408 [6, 26, 1, 15, 4, 49, 3, 14, 2, 0, 32, 11, 71, 6, 192, 93, 20, 127]
3230.0 0.39313572542901715 0.003968253968253968 [0, 59, 0, 20, 4, 31, 0, 3, 2, 0, 11, 23, 88, 2, 164, 84, 24, 126]
2600.0 0.381294964028777 0.009433962264150943 [1, 34, 0, 5, 4, 30, 0, 9, 1, 0, 4, 14, 99, 5, 150, 88, 14, 98]
7310.0 0.3853904282115869 0.006535947712418301 [9, 35, 1, 33, 7, 64, 9, 24, 9, 3, 50, 22, 186, 5, 319, 177, 52, 186]
2940.0 0.39346811819595645 0.02766798418972332 [11, 22, 3, 16, 3, 41, 0, 12, 0, 0, 22, 26, 82, 2, 185, 82, 12, 124]
3663.0 1339.2837638081035 0.3901542429118362 0.008914385633820604
epsilons: 100 max_epsilon: 0.01 attack_proportion: 0.5
6430.0 0.5065731814198072 0.02249134948096886 [15, 39, 1, 44, 4, 63, 4, 10, 6, 1, 26, 45, 155, 4, 307, 155, 42, 220]
2560.0 0.49445324881141045 0.0673076923076923 [9, 16, 0, 8, 6, 41, 1, 10, 2, 0, 13, 26, 63, 7, 192, 84, 18, 135]
3340.0 0.49 0.026239067055393587 [22, 33, 0, 35, 4, 38, 0, 12, 1, 1, 4, 14, 96, 8, 205, 78, 24, 125]
1910.0 0.4895833333333333 0.01276595744680851 [8, 20, 2, 15, 4, 49, 3, 12, 1, 0, 2, 7, 51, 3, 132, 56, 15, 100]
2680.0 0.49504950495049505 0.013333333333333334 [13, 16, 0, 10, 2, 54, 0, 12, 3, 0, 17, 27, 59, 11, 154, 87, 18, 123]
2950.0 0.49640287769784175 0.03768115942028986 [8, 26, 0, 12, 24, 30, 1, 8, 0, 0, 10, 14, 109, 2, 175, 95, 32, 149]
3600.0 0.5026109660574413 0.015584415584415584 [7, 35, 0, 34, 5, 38, 7, 8, 2, 0, 26, 23, 101, 3, 209, 106, 22, 140]
2990.0 0.5197183098591549 0.01084010840108401 [9, 29, 3, 9, 6, 49, 0, 10, 2, 1, 23, 30, 87, 6, 194, 103, 21, 128]
3040.0 0.48599439775910364 0.008645533141210375 [12, 27, 2, 11, 27, 42, 3, 9, 2, 0, 8, 19, 127, 2, 169, 106, 52, 96]
1790.0 0.5158450704225352 0.027303754266211604 [5, 13, 11, 10, 2, 37, 0, 10, 0, 1, 8, 15, 97, 5, 162, 79, 21, 92]
3129.0 1225.8258440741083 0.49962308903111224 0.010776633132650941
epsilons: 100 max_epsilon: 0.01 attack_proportion: 0.6000000000000001
2660.0 0.6157082748948106 0.022779043280182234 [11, 24, 1, 23, 4, 68, 2, 15, 3, 3, 19, 14, 91, 6, 174, 137, 18, 100]
2310.0 0.5946704067321178 0.01650943396226415 [6, 34, 1, 19, 4, 50, 0, 6, 2, 1, 18, 25, 119, 3, 196, 84, 25, 120]
1980.0 0.5816733067729084 0.023972602739726026 [7, 28, 0, 9, 24, 25, 0, 2, 0, 0, 2, 24, 91, 2, 117, 55, 25, 91]
1110.0 0.6089887640449438 0.02952029520295203 [4, 12, 0, 3, 4, 36, 17, 1, 0, 0, 1, 15, 101, 1, 90, 68, 20, 72]
2150.0 0.5561904761904762 0.00684931506849315 [10, 26, 1, 8, 6, 49, 1, 8, 0, 0, 10, 19, 80, 15, 107, 71, 20, 94]
2680.0 0.5947521865889213 0.024509803921568627 [12, 29, 15, 13, 14, 39, 0, 9, 0, 1, 9, 19, 114, 1, 169, 83, 31, 128]
1080.0 0.5986078886310905 0.031007751937984496 [3, 33, 0, 4, 0, 30, 11, 4, 0, 0, 6, 3, 107, 0, 76, 48, 17, 89]
1660.0 0.6275992438563327 0.030120481927710843 [12, 23, 1, 11, 4, 45, 0, 14, 0, 0, 9, 17, 65, 3, 106, 91, 22, 106]
2980.0 0.6121495327102804 0.03816793893129771 [17, 34, 0, 22, 5, 57, 2, 20, 6, 1, 18, 22, 134, 11, 214, 154, 34, 105]
3040.0 0.55096011816839 0.02680965147453083 [15, 21, 0, 12, 17, 47, 1, 0, 1, 1, 16, 17, 132, 3, 175, 90, 18, 111]
2165.0 673.8582937086995 0.594130019859027 0.023685955062799094
epsilons: 100 max_epsilon: 0.01 attack_proportion: 0.7000000000000001
2130.0 0.7121212121212122 0.04491725768321513 [8, 37, 1, 6, 14, 47, 11, 6, 0, 1, 10, 1, 135, 1, 135, 68, 41, 72]
1600.0 0.6980392156862745 0.03089887640449438 [5, 12, 12, 7, 4, 53, 0, 4, 0, 0, 1, 22, 113, 0, 120, 56, 18, 83]
1020.0 0.7184684684684685 0.02821316614420063 [6, 20, 1, 0, 3, 32, 2, 2, 0, 0, 5, 13, 94, 0, 109, 59, 28, 70]
2330.0 0.7005649717514124 0.028225806451612902 [6, 24, 1, 15, 5, 49, 0, 6, 0, 1, 33, 27, 110, 4, 170, 114, 40, 103]
2120.0 0.69921875 0.030726256983240222 [10, 53, 0, 14, 17, 42, 8, 5, 0, 1, 28, 8, 96, 0, 101, 46, 24, 59]
1840.0 0.6978967495219885 0.03287671232876712 [5, 30, 1, 5, 3, 34, 0, 2, 0, 0, 4, 13, 114, 1, 146, 65, 21, 79]
1150.0 0.7042553191489361 0.03625377643504532 [2, 30, 0, 8, 6, 34, 12, 2, 0, 0, 11, 4, 76, 0, 83, 72, 32, 98]
1630.0 0.7465224111282844 0.035196687370600416 [18, 11, 1, 3, 8, 69, 3, 14, 3, 0, 23, 14, 103, 3, 150, 81, 26, 117]
1220.0 0.6599099099099099 0.04436860068259386 [19, 21, 0, 3, 10, 35, 9, 1, 0, 0, 3, 1, 120, 0, 86, 55, 16, 65]
1960.0 0.716297786720322 0.03089887640449438 [16, 15, 0, 3, 6, 40, 8, 2, 0, 0, 11, 7, 107, 0, 118, 50, 25, 89]
1700.0 430.7667582346623 0.7053294794456808 0.020660222978565734
epsilons: 100 max_epsilon: 0.01 attack_proportion: 0.8
360.0 0.8005698005698005 0.042704626334519574 [6, 9, 0, 2, 21, 28, 0, 2, 0, 0, 13, 0, 70, 1, 63, 59, 12, 65]
2140.0 0.8010335917312662 0.02903225806451613 [11, 22, 1, 9, 14, 67, 2, 11, 4, 0, 17, 41, 127, 3, 159, 98, 42, 146]
730.0 0.8206627680311891 0.03800475059382423 [7, 12, 0, 5, 5, 43, 0, 3, 0, 0, 6, 22, 130, 0, 91, 65, 29, 95]
1350.0 0.8158415841584158 0.050970873786407765 [15, 11, 0, 8, 9, 60, 0, 6, 0, 1, 6, 38, 98, 3, 82, 47, 29, 92]
1450.0 0.8174342105263158 0.060362173038229376 [25, 43, 0, 12, 12, 40, 3, 6, 0, 0, 12, 11, 94, 0, 131, 63, 31, 125]
940.0 0.8130081300813008 0.0375 [4, 11, 0, 7, 25, 33, 1, 1, 0, 0, 3, 5, 96, 1, 99, 57, 23, 126]
830.0 0.8203799654576857 0.056842105263157895 [6, 18, 0, 9, 8, 51, 18, 4, 0, 0, 18, 9, 128, 1, 115, 68, 33, 93]
2290.0 0.7888888888888889 0.03442879499217527 [4, 40, 1, 14, 6, 59, 1, 6, 0, 0, 13, 18, 146, 6, 220, 94, 54, 128]
1920.0 0.7879924953095685 0.03333333333333333 [6, 40, 0, 24, 6, 45, 2, 10, 0, 0, 16, 5, 95, 4, 104, 71, 11, 94]
1090.0 0.8 0.034210526315789476 [4, 8, 3, 2, 16, 47, 0, 7, 0, 0, 5, 9, 94, 0, 97, 63, 23, 97]
1310.0 608.0460508875952 0.8065811434754432 0.011841990362393083
epsilons: 100 max_epsilon: 0.01 attack_proportion: 0.9
720.0 0.9021164021164021 0.06451612903225806 [4, 32, 1, 21, 6, 29, 20, 1, 0, 0, 6, 8, 87, 1, 59, 31, 9, 63]
660.0 0.8888888888888888 0.03125 [4, 13, 20, 0, 5, 36, 0, 0, 0, 0, 4, 3, 88, 0, 58, 24, 9, 60]
1460.0 0.8902439024390244 0.0273972602739726 [8, 38, 1, 7, 6, 33, 0, 6, 0, 0, 7, 21, 107, 1, 94, 57, 22, 84]
1690.0 0.9118065433854907 0.0483619344773791 [15, 35, 0, 7, 9, 58, 1, 22, 6, 3, 21, 29, 104, 9, 140, 113, 28, 103]
1060.0 0.9103690685413005 0.03861003861003861 [18, 15, 0, 5, 6, 49, 16, 6, 0, 0, 10, 11, 142, 0, 113, 58, 33, 87]
1140.0 0.9191729323308271 0.04703476482617587 [9, 12, 0, 4, 5, 58, 2, 6, 0, 0, 28, 11, 110, 0, 132, 47, 30, 78]
900.0 0.8973384030418251 0.05296610169491525 [6, 42, 0, 4, 6, 52, 4, 2, 0, 0, 15, 22, 124, 0, 110, 43, 28, 68]
690.0 0.9058823529411765 0.046753246753246755 [9, 11, 0, 2, 8, 40, 19, 0, 0, 0, 25, 2, 115, 0, 87, 39, 10, 58]
1190.0 0.898635477582846 0.049891540130151846 [9, 13, 0, 6, 11, 51, 21, 2, 0, 0, 9, 7, 85, 1, 110, 66, 32, 90]
1140.0 0.8968105065666041 0.056485355648535567 [6, 17, 0, 4, 8, 62, 20, 7, 0, 0, 9, 14, 84, 1, 99, 77, 32, 93]
1065.0 320.0703047769349 0.9021264477834385 0.00919855387262149
epsilons: 100 max_epsilon: 0.01 attack_proportion: 1.0
1260.0 1.0 0.07352941176470588 [30, 21, 0, 9, 6, 70, 1, 4, 1, 0, 22, 12, 123, 3, 96, 71, 41, 102]
1710.0 1.0 0.043235704323570434 [4, 55, 0, 15, 9, 74, 0, 14, 0, 0, 23, 34, 131, 2, 117, 91, 51, 97]
560.0 1.0 0.03695652173913044 [16, 11, 0, 4, 9, 46, 15, 4, 0, 1, 15, 13, 88, 0, 83, 70, 29, 56]
1150.0 1.0 0.0675422138836773 [5, 20, 0, 7, 6, 58, 2, 8, 0, 0, 14, 18, 106, 20, 96, 55, 25, 93]
240.0 1.0 0.04013377926421405 [5, 11, 0, 21, 10, 34, 0, 0, 0, 0, 3, 24, 82, 1, 46, 20, 4, 38]
440.0 1.0 0.03773584905660377 [2, 9, 0, 3, 7, 29, 0, 0, 0, 0, 2, 0, 116, 0, 55, 45, 11, 39]
970.0 1.0 0.06224066390041494 [5, 12, 0, 3, 11, 50, 1, 4, 0, 1, 11, 12, 98, 1, 109, 63, 28, 73]
1090.0 1.0 0.05019305019305019 [8, 17, 0, 9, 5, 58, 1, 3, 0, 0, 13, 12, 145, 3, 85, 51, 32, 76]
360.0 1.0 0.043478260869565216 [5, 14, 1, 1, 7, 31, 0, 0, 0, 0, 25, 1, 61, 1, 52, 82, 10, 54]
360.0 1.0 0.051771117166212535 [5, 22, 0, 22, 9, 32, 0, 2, 0, 0, 10, 1, 76, 1, 81, 35, 5, 66]
814.0 464.89138516431984 1.0 0.0
[9619.0, 8722.0, 6186.0, 3663.0, 3129.0, 2165.0, 1700.0, 1310.0, 1065.0, 814.0]
[3565.025806358209, 2193.840468220057, 1937.3858676061411, 1339.2837638081035, 1225.8258440741083, 673.8582937086995, 430.7667582346623, 608.0460508875952, 320.0703047769349, 464.89138516431984]
[0.10005817673815873, 0.19474491648475542, 0.2925770457134539, 0.3901542429118362, 0.49962308903111224, 0.594130019859027, 0.7053294794456808, 0.8065811434754432, 0.9021264477834385, 1.0]
[0.008258854571320206, 0.013177775121935771, 0.011454692591742909, 0.008914385633820604, 0.010776633132650941, 0.023685955062799094, 0.020660222978565734, 0.011841990362393083, 0.00919855387262149, 0.0]
Process 27706 detected
