pygame 1.9.6
Hello from the pygame community. https://www.pygame.org/contribute.html

WARNING: The TensorFlow contrib module will not be included in TensorFlow 2.0.
For more information, please see:
  * https://github.com/tensorflow/community/blob/master/rfcs/20180907-contrib-sunset.md
  * https://github.com/tensorflow/addons
If you depend on functionality not listed there, please file an issue.

Loading pretrained/dqn/SpaceInvaders/1/tf_checkpoints/tf_ckpt-199
Online/Conv/weights:0 (8, 8, 4, 32)  
Online/Conv/biases:0 (32,)          
Online/Conv_1/weights:0 (4, 4, 32, 64) 
Online/Conv_1/biases:0 (64,)          
Online/Conv_2/weights:0 (3, 3, 64, 64) 
Online/Conv_2/biases:0 (64,)          
Online/fully_connected/weights:0 (7744, 512)    
Online/fully_connected/biases:0 (512,)         
Online/fully_connected_1/weights:0 (512, 6)       
Online/fully_connected_1/biases:0 (6,)           
Target/Conv/weights:0 (8, 8, 4, 32)  
Target/Conv/biases:0 (32,)          
Target/Conv_1/weights:0 (4, 4, 32, 64) 
Target/Conv_1/biases:0 (64,)          
Target/Conv_2/weights:0 (3, 3, 64, 64) 
Target/Conv_2/biases:0 (64,)          
Target/fully_connected/weights:0 (7744, 512)    
Target/fully_connected/biases:0 (512,)         
Target/fully_connected_1/weights:0 (512, 6)       
Target/fully_connected_1/biases:0 (6,)           
attacker_policy: attack_large_value
targetted: False visualize: False decreasing_epsilons: False
epsilons: 100 max_epsilons: [0.01] attack_proportions: [0.1 0.2 0.3 0.4 0.5 0.6 0.7 0.8 0.9 1. ]
epsilons: 100 max_epsilon: 0.01 attack_proportion: 0.1
545.0 0.0587467362924282 0.022222222222222223 [75, 74, 49, 21, 291, 256]
545.0 0.05585106382978723 0.023809523809523808 [139, 95, 40, 30, 188, 260]
515.0 0.04225352112676056 0.027777777777777776 [100, 107, 57, 38, 260, 290]
1415.0 0.12430939226519337 0.07111111111111111 [323, 268, 147, 169, 451, 452]
370.0 0.04161073825503356 0.0 [103, 25, 49, 69, 328, 171]
1475.0 0.11329539575788929 0.0593607305936073 [365, 306, 189, 129, 417, 527]
1155.0 0.09970238095238096 0.05970149253731343 [251, 221, 116, 142, 265, 349]
595.0 0.05578800557880056 0.025 [96, 39, 52, 34, 267, 229]
795.0 0.10373831775700934 0.009009009009009009 [202, 77, 84, 55, 321, 331]
685.0 0.12208067940552017 0.05217391304347826 [143, 86, 92, 57, 288, 276]
809.5 375.555921268724 0.08173762312208033 0.03206838396252183
epsilons: 100 max_epsilon: 0.01 attack_proportion: 0.2
930.0 0.12770411723656663 0.0273224043715847 [272, 124, 143, 114, 366, 414]
1145.0 0.10721544715447154 0.018957345971563982 [223, 290, 205, 178, 504, 568]
1100.0 0.11906556141672947 0.0949367088607595 [226, 185, 121, 103, 323, 369]
935.0 0.11048839071257005 0.021739130434782608 [257, 66, 96, 104, 361, 365]
1075.0 0.12449799196787148 0.06451612903225806 [182, 312, 155, 122, 381, 342]
1235.0 0.09067017082785808 0.036231884057971016 [282, 217, 98, 80, 307, 538]
600.0 0.07582417582417582 0.0 [171, 101, 92, 101, 178, 267]
605.0 0.07909604519774012 0.014285714285714285 [136, 91, 76, 127, 219, 236]
520.0 0.09396914446002805 0.0 [119, 102, 21, 51, 168, 252]
560.0 0.05012853470437018 0.02564102564102564 [99, 47, 105, 66, 231, 230]
870.5 259.48458528398174 0.09786595795023814 0.023408799199748042
epsilons: 100 max_epsilon: 0.01 attack_proportion: 0.30000000000000004
600.0 0.09706546275395034 0.011627906976744186 [132, 77, 90, 88, 274, 225]
600.0 0.11283185840707964 0.00980392156862745 [89, 94, 86, 97, 244, 294]
680.0 0.18732782369146006 0.029411764705882353 [193, 67, 72, 109, 332, 316]
1200.0 0.14184852374839538 0.03619909502262444 [269, 304, 149, 110, 370, 356]
600.0 0.09542356377799416 0.030612244897959183 [149, 75, 114, 125, 249, 315]
805.0 0.19795221843003413 0.02586206896551724 [214, 112, 166, 108, 258, 314]
610.0 0.10397946084724005 0.024691358024691357 [123, 68, 74, 90, 211, 213]
1630.0 0.14583333333333334 0.022321428571428572 [270, 145, 145, 138, 388, 450]
1430.0 0.14277144571085784 0.037815126050420166 [314, 169, 149, 164, 436, 435]
580.0 0.08862034239677745 0.011363636363636364 [161, 74, 125, 154, 203, 276]
873.5 375.5931974889854 0.13136540330971225 0.036611248509341054
epsilons: 100 max_epsilon: 0.01 attack_proportion: 0.4
575.0 0.13694581280788176 0.02158273381294964 [175, 86, 65, 74, 292, 323]
600.0 0.15900383141762453 0.0 [179, 139, 71, 101, 258, 296]
895.0 0.34447476125511595 0.023762376237623763 [206, 207, 172, 115, 392, 374]
600.0 0.1648148148148148 0.011235955056179775 [171, 140, 133, 89, 277, 270]
605.0 0.14664981036662453 0.034482758620689655 [158, 97, 61, 101, 185, 189]
295.0 0.3048016701461378 0.00684931506849315 [101, 30, 15, 13, 199, 121]
600.0 0.18244013683010263 0.0125 [135, 63, 77, 103, 237, 262]
570.0 0.11668372569089049 0.05263157894736842 [130, 98, 63, 97, 238, 351]
1335.0 0.2591623036649215 0.024242424242424242 [395, 153, 180, 145, 470, 567]
600.0 0.1993006993006993 0.017543859649122806 [149, 125, 61, 107, 200, 216]
667.5 260.0504758695896 0.2014277566294813 0.07233763593195676
epsilons: 100 max_epsilon: 0.01 attack_proportion: 0.5
710.0 0.44947735191637633 0.023255813953488372 [216, 100, 140, 135, 260, 297]
600.0 0.2728184553660983 0.01838235294117647 [148, 55, 110, 74, 329, 281]
605.0 0.3213828425096031 0.01593625498007968 [123, 98, 70, 74, 201, 215]
755.0 0.1987878787878788 0.042682926829268296 [158, 91, 86, 51, 226, 213]
600.0 0.21473029045643152 0.028985507246376812 [99, 154, 100, 105, 226, 280]
365.0 0.2196969696969697 0.04827586206896552 [108, 55, 13, 55, 281, 148]
515.0 0.2567409144196952 0.0684931506849315 [162, 119, 36, 25, 266, 245]
65.0 0.3289036544850498 0.020202020202020204 [40, 7, 9, 70, 107, 68]
600.0 0.2632075471698113 0.06451612903225806 [211, 127, 84, 108, 265, 265]
685.0 0.3721122112211221 0.013303769401330377 [211, 101, 113, 145, 319, 323]
550.0 191.58549005600608 0.2897858116029036 0.07464600689544044
epsilons: 100 max_epsilon: 0.01 attack_proportion: 0.6000000000000001
600.0 0.4311064718162839 0.024213075060532687 [165, 101, 90, 135, 228, 239]
665.0 0.4868173258003766 0.02127659574468085 [221, 164, 126, 69, 244, 238]
605.0 0.34543325526932084 0.05423728813559322 [165, 74, 70, 55, 254, 236]
940.0 0.5705794947994056 0.024739583333333332 [303, 168, 115, 125, 314, 321]
735.0 0.5466666666666666 0.01951219512195122 [272, 50, 86, 63, 376, 278]
1095.0 0.4429331756357185 0.01602136181575434 [245, 175, 169, 163, 458, 481]
60.0 0.456575682382134 0.04891304347826087 [38, 17, 36, 52, 153, 107]
570.0 0.3845327604726101 0.008379888268156424 [184, 148, 48, 93, 265, 193]
785.0 0.5365659777424483 0.025185185185185185 [304, 111, 126, 87, 343, 287]
135.0 0.48404255319148937 0.02197802197802198 [46, 20, 14, 88, 151, 57]
619.0 303.7169735131707 0.4685253363776454 0.0679193390047272
epsilons: 100 max_epsilon: 0.01 attack_proportion: 0.7000000000000001
490.0 0.7489114658925979 0.005813953488372093 [113, 57, 76, 47, 231, 165]
605.0 0.4024276377217554 0.03944315545243619 [169, 108, 63, 129, 402, 200]
180.0 0.622 0.01607717041800643 [66, 6, 45, 79, 163, 141]
540.0 0.3231357552581262 0.03550295857988166 [90, 104, 90, 186, 374, 202]
740.0 0.5994215473608099 0.013268998793727383 [212, 137, 163, 145, 368, 358]
740.0 0.3692722371967655 0.0364963503649635 [159, 44, 52, 77, 208, 202]
495.0 0.44537037037037036 0.037422037422037424 [131, 75, 137, 99, 348, 290]
150.0 0.7744874715261959 0.020588235294117647 [73, 14, 34, 73, 168, 77]
35.0 0.7366771159874608 0.03404255319148936 [39, 9, 19, 38, 143, 71]
180.0 0.5915966386554622 0.045454545454545456 [122, 8, 64, 88, 197, 116]
415.5 244.963772831821 0.5613300239969543 0.1580305946066757
epsilons: 100 max_epsilon: 0.01 attack_proportion: 0.8
80.0 0.8142414860681114 0.011406844106463879 [60, 3, 26, 15, 136, 83]
45.0 0.7378640776699029 0.019736842105263157 [40, 16, 42, 94, 133, 87]
135.0 0.8098720292504571 0.033860045146726865 [94, 7, 41, 71, 161, 173]
65.0 0.8326923076923077 0.016166281755196306 [74, 10, 43, 93, 181, 119]
110.0 0.8640167364016736 0.01694915254237288 [69, 25, 46, 42, 121, 175]
420.0 0.5580568720379147 0.021231422505307854 [221, 60, 48, 61, 268, 186]
645.0 0.6474601971190296 0.0234192037470726 [244, 159, 113, 140, 340, 323]
80.0 0.7371601208459214 0.020491803278688523 [58, 7, 13, 62, 133, 58]
80.0 0.8817480719794345 0.008746355685131196 [64, 8, 31, 51, 147, 88]
55.0 0.7345132743362832 0.030120481927710843 [80, 4, 47, 93, 147, 81]
171.5 188.97155870659478 0.7617625173401036 0.09562008471264043
epsilons: 100 max_epsilon: 0.01 attack_proportion: 0.9
75.0 0.8016701461377871 0.005208333333333333 [200, 7, 53, 30, 151, 38]
120.0 0.9109947643979057 0.020114942528735632 [95, 15, 28, 24, 141, 79]
605.0 0.8435555555555555 0.012644889357218124 [206, 119, 187, 144, 267, 202]
165.0 0.9128205128205128 0.003745318352059925 [187, 62, 57, 44, 127, 108]
485.0 0.9435215946843853 0.01232394366197183 [129, 23, 59, 84, 174, 133]
80.0 0.9965156794425087 0.024475524475524476 [74, 11, 6, 32, 120, 44]
135.0 0.9124668435013262 0.014534883720930232 [77, 36, 28, 10, 127, 99]
15.0 0.8991097922848664 0.009900990099009901 [95, 10, 23, 66, 94, 49]
90.0 0.967948717948718 0.0033112582781456954 [56, 9, 7, 16, 134, 90]
120.0 0.8524229074889867 0.041343669250646 [79, 5, 39, 84, 140, 107]
189.0 184.0217378463751 0.9041026514262551 0.05587297792006309
epsilons: 100 max_epsilon: 0.01 attack_proportion: 1.0
155.0 1.0 0.014516129032258065 [136, 16, 48, 85, 150, 185]
120.0 1.0 0.012269938650306749 [68, 6, 33, 105, 118, 159]
60.0 1.0 0.02097902097902098 [79, 5, 9, 35, 121, 37]
120.0 1.0 0.017191977077363897 [108, 12, 19, 63, 115, 32]
500.0 1.0 0.02199074074074074 [227, 108, 123, 109, 140, 157]
105.0 1.0 0.027237354085603113 [256, 5, 36, 42, 105, 70]
120.0 1.0 0.02040816326530612 [111, 7, 45, 79, 98, 101]
170.0 1.0 0.014423076923076924 [169, 46, 69, 47, 161, 132]
105.0 1.0 0.007371007371007371 [113, 21, 15, 41, 154, 63]
485.0 1.0 0.005917159763313609 [213, 20, 69, 93, 236, 214]
194.0 151.86836405255704 1.0 0.0
[809.5, 870.5, 873.5, 667.5, 550.0, 619.0, 415.5, 171.5, 189.0, 194.0]
[375.555921268724, 259.48458528398174, 375.5931974889854, 260.0504758695896, 191.58549005600608, 303.7169735131707, 244.963772831821, 188.97155870659478, 184.0217378463751, 151.86836405255704]
[0.08173762312208033, 0.09786595795023814, 0.13136540330971225, 0.2014277566294813, 0.2897858116029036, 0.4685253363776454, 0.5613300239969543, 0.7617625173401036, 0.9041026514262551, 1.0]
[0.03206838396252183, 0.023408799199748042, 0.036611248509341054, 0.07233763593195676, 0.07464600689544044, 0.0679193390047272, 0.1580305946066757, 0.09562008471264043, 0.05587297792006309, 0.0]
Process 28256 detected
