pygame 1.9.6
Hello from the pygame community. https://www.pygame.org/contribute.html

WARNING: The TensorFlow contrib module will not be included in TensorFlow 2.0.
For more information, please see:
  * https://github.com/tensorflow/community/blob/master/rfcs/20180907-contrib-sunset.md
  * https://github.com/tensorflow/addons
If you depend on functionality not listed there, please file an issue.

Loading pretrained/dqn/SpaceInvaders/1/tf_checkpoints/tf_ckpt-199
Online/Conv/weights:0 (8, 8, 4, 32)  
Online/Conv/biases:0 (32,)          
Online/Conv_1/weights:0 (4, 4, 32, 64) 
Online/Conv_1/biases:0 (64,)          
Online/Conv_2/weights:0 (3, 3, 64, 64) 
Online/Conv_2/biases:0 (64,)          
Online/fully_connected/weights:0 (7744, 512)    
Online/fully_connected/biases:0 (512,)         
Online/fully_connected_1/weights:0 (512, 6)       
Online/fully_connected_1/biases:0 (6,)           
Target/Conv/weights:0 (8, 8, 4, 32)  
Target/Conv/biases:0 (32,)          
Target/Conv_1/weights:0 (4, 4, 32, 64) 
Target/Conv_1/biases:0 (64,)          
Target/Conv_2/weights:0 (3, 3, 64, 64) 
Target/Conv_2/biases:0 (64,)          
Target/fully_connected/weights:0 (7744, 512)    
Target/fully_connected/biases:0 (512,)         
Target/fully_connected_1/weights:0 (512, 6)       
Target/fully_connected_1/biases:0 (6,)           
Loading pretrained/dqn/SpaceInvaders/5/tf_checkpoints/tf_ckpt-199
Online/Conv/weights:0 (8, 8, 4, 32)  
Online/Conv/biases:0 (32,)          
Online/Conv_1/weights:0 (4, 4, 32, 64) 
Online/Conv_1/biases:0 (64,)          
Online/Conv_2/weights:0 (3, 3, 64, 64) 
Online/Conv_2/biases:0 (64,)          
Online/fully_connected/weights:0 (7744, 512)    
Online/fully_connected/biases:0 (512,)         
Online/fully_connected_1/weights:0 (512, 6)       
Online/fully_connected_1/biases:0 (6,)           
Target/Conv/weights:0 (8, 8, 4, 32)  
Target/Conv/biases:0 (32,)          
Target/Conv_1/weights:0 (4, 4, 32, 64) 
Target/Conv_1/biases:0 (64,)          
Target/Conv_2/weights:0 (3, 3, 64, 64) 
Target/Conv_2/biases:0 (64,)          
Target/fully_connected/weights:0 (7744, 512)    
Target/fully_connected/biases:0 (512,)         
Target/fully_connected_1/weights:0 (512, 6)       
Target/fully_connected_1/biases:0 (6,)           
Performing blockbox attack (perturbation is computed by source model)
attacker_policy: random
targetted: False visualize: False decreasing_epsilons: True
epsilons: 100 max_epsilons: [0.01] attack_proportions: [0.1 0.2 0.3 0.4 0.5 0.6 0.7 0.8 0.9 1. ]
epsilons: 100 max_epsilon: 0.01 attack_proportion: 0.1
545.0 0.10845070422535211 0.5454545454545454 [141, 22, 42, 21, 267, 217]
225.0 0.06887755102040816 0.4444444444444444 [63, 12, 8, 4, 165, 140]
435.0 0.09803921568627451 0.5833333333333334 [62, 29, 21, 52, 265, 183]
880.0 0.09444985394352483 0.4845360824742268 [124, 144, 72, 31, 344, 312]
540.0 0.08513708513708514 0.6101694915254238 [103, 77, 35, 38, 238, 202]
480.0 0.11290322580645161 0.6190476190476191 [62, 32, 24, 19, 214, 207]
505.0 0.08818635607321132 0.39622641509433965 [60, 48, 16, 59, 203, 215]
1170.0 0.09658725048293625 0.5333333333333333 [206, 138, 90, 147, 506, 466]
2635.0 0.09654178674351585 0.5149253731343284 [382, 400, 224, 228, 685, 857]
775.0 0.09842041312272175 0.5061728395061729 [101, 59, 48, 108, 261, 246]
819.0 655.243466201686 0.09475934422414815 0.0116322317261781
epsilons: 100 max_epsilon: 0.01 attack_proportion: 0.2
825.0 0.2087421944692239 0.4700854700854701 [116, 73, 92, 113, 343, 384]
1605.0 0.1815673289183223 0.513677811550152 [171, 177, 176, 186, 500, 602]
1400.0 0.19758351101634683 0.5467625899280576 [153, 172, 134, 55, 420, 473]
1000.0 0.1887719298245614 0.4646840148698885 [199, 125, 117, 164, 439, 381]
840.0 0.22066549912434325 0.4801587301587302 [140, 84, 133, 109, 319, 357]
600.0 0.21855146124523506 0.436046511627907 [118, 35, 40, 60, 262, 272]
455.0 0.20221606648199447 0.5684931506849316 [74, 42, 24, 22, 263, 297]
1100.0 0.20689655172413793 0.5233333333333333 [151, 169, 97, 140, 442, 451]
1375.0 0.19230769230769232 0.4842105263157895 [219, 212, 179, 183, 634, 549]
1065.0 0.19503790489317713 0.519434628975265 [193, 187, 168, 106, 356, 441]
1026.5 344.5435386130467 0.20123401400050347 0.012001488786361723
epsilons: 100 max_epsilon: 0.01 attack_proportion: 0.30000000000000004
1265.0 0.2892561983471074 0.5142857142857142 [205, 151, 118, 100, 479, 520]
690.0 0.28205128205128205 0.507177033492823 [69, 98, 32, 50, 200, 292]
245.0 0.3004807692307692 0.512 [61, 17, 14, 37, 175, 112]
1180.0 0.30204778156996587 0.5338983050847458 [131, 105, 108, 83, 412, 333]
205.0 0.27671232876712326 0.5346534653465347 [20, 2, 9, 44, 158, 132]
1230.0 0.2859960552268245 0.4781609195402299 [208, 143, 145, 122, 376, 527]
965.0 0.2852941176470588 0.4381443298969072 [206, 93, 180, 124, 350, 407]
725.0 0.2682425488180884 0.5325670498084292 [92, 74, 75, 63, 317, 352]
600.0 0.3076923076923077 0.48880597014925375 [73, 70, 62, 107, 246, 313]
160.0 0.26519337016574585 0.5 [22, 20, 20, 36, 126, 138]
726.5 405.96828693877063 0.28629667595162733 0.013409314891844616
epsilons: 100 max_epsilon: 0.01 attack_proportion: 0.4
545.0 0.4020100502512563 0.55 [63, 105, 56, 100, 316, 355]
1345.0 0.4177396280400572 0.5273972602739726 [147, 99, 122, 42, 448, 540]
200.0 0.41133004926108374 0.6287425149700598 [24, 19, 21, 15, 194, 133]
1200.0 0.3932038834951456 0.5077160493827161 [170, 141, 114, 118, 444, 661]
600.0 0.39285714285714285 0.5374331550802139 [71, 62, 91, 125, 304, 299]
780.0 0.3930510314875136 0.505524861878453 [82, 84, 64, 79, 312, 300]
370.0 0.3797250859106529 0.5520361990950227 [45, 18, 53, 82, 250, 134]
1265.0 0.4114114114114114 0.5153284671532846 [183, 146, 105, 65, 492, 674]
260.0 0.387308533916849 0.5649717514124294 [29, 17, 60, 6, 204, 141]
270.0 0.40556660039761433 0.5245098039215687 [43, 24, 27, 59, 193, 157]
683.5 419.5655491100288 0.39942034170287266 0.011500405462470416
epsilons: 100 max_epsilon: 0.01 attack_proportion: 0.5
800.0 0.4860215053763441 0.5464601769911505 [76, 52, 115, 49, 290, 348]
375.0 0.48484848484848486 0.49702380952380953 [47, 37, 74, 59, 263, 213]
1045.0 0.5027190332326285 0.4519230769230769 [160, 190, 193, 154, 401, 557]
150.0 0.5128205128205128 0.445 [22, 2, 56, 29, 158, 123]
600.0 0.49819059107358266 0.4794188861985472 [63, 32, 66, 91, 261, 316]
295.0 0.48565573770491804 0.4810126582278481 [37, 18, 46, 24, 182, 181]
600.0 0.48313492063492064 0.5503080082135524 [54, 100, 86, 130, 360, 278]
325.0 0.5390199637023594 0.5925925925925926 [42, 15, 45, 27, 216, 206]
630.0 0.4850976361767729 0.5021186440677966 [49, 94, 105, 108, 332, 285]
65.0 0.5055350553505535 0.6715328467153284 [18, 2, 19, 7, 102, 123]
488.5 286.81047749341377 0.4983043440921078 0.016842536924353287
epsilons: 100 max_epsilon: 0.01 attack_proportion: 0.6000000000000001
725.0 0.5949612403100775 0.504885993485342 [76, 54, 151, 109, 317, 325]
610.0 0.6033755274261603 0.5617715617715617 [48, 25, 96, 71, 257, 214]
525.0 0.6095017381228274 0.564638783269962 [45, 76, 75, 98, 300, 269]
535.0 0.5908460471567267 0.5469483568075117 [48, 32, 87, 30, 272, 252]
470.0 0.5900900900900901 0.5139949109414759 [45, 26, 33, 70, 241, 251]
425.0 0.5899513776337115 0.5302197802197802 [33, 24, 76, 52, 256, 176]
365.0 0.5987361769352291 0.45910290237467016 [45, 31, 104, 48, 213, 192]
250.0 0.5972850678733032 0.5833333333333334 [28, 26, 23, 17, 183, 165]
440.0 0.6127450980392157 0.52 [50, 31, 53, 59, 214, 205]
745.0 0.6084474885844748 0.5140712945590994 [46, 73, 74, 100, 369, 214]
509.0 146.5059725744995 0.5995939852171817 0.008069445477100735
epsilons: 100 max_epsilon: 0.01 attack_proportion: 0.7000000000000001
585.0 0.6806002143622722 0.5401574803149606 [56, 51, 80, 112, 319, 315]
265.0 0.6989079563182528 0.5245535714285714 [53, 21, 56, 73, 249, 189]
525.0 0.7044491525423728 0.5759398496240602 [47, 54, 96, 102, 351, 294]
545.0 0.6974697469746974 0.4921135646687697 [69, 83, 85, 82, 284, 306]
325.0 0.6973125884016973 0.537525354969574 [42, 34, 60, 85, 276, 210]
595.0 0.72648835202761 0.46199524940617576 [24, 37, 194, 194, 369, 341]
330.0 0.6965408805031447 0.5124153498871332 [43, 6, 91, 71, 275, 150]
375.0 0.6875891583452212 0.5103734439834025 [33, 28, 92, 50, 295, 203]
420.0 0.6929824561403509 0.5750452079566004 [26, 102, 80, 81, 330, 179]
260.0 0.6912280701754386 0.48223350253807107 [34, 17, 100, 36, 224, 159]
422.5 123.77903699738498 0.6973568575791058 0.011553880341766612
epsilons: 100 max_epsilon: 0.01 attack_proportion: 0.8
575.0 0.7979127134724858 0.5291319857312723 [40, 46, 150, 159, 350, 309]
105.0 0.7762237762237763 0.5540540540540541 [7, 0, 38, 19, 94, 128]
650.0 0.8079922027290448 0.5355850422195416 [49, 77, 118, 98, 378, 306]
410.0 0.7667597765363129 0.5428051001821493 [47, 43, 88, 93, 237, 208]
105.0 0.7905604719764012 0.47761194029850745 [7, 10, 52, 15, 122, 133]
485.0 0.7997750281214848 0.5443037974683544 [36, 51, 153, 143, 284, 222]
275.0 0.8074204946996466 0.5164113785557987 [14, 25, 74, 42, 212, 199]
770.0 0.8132411067193676 0.4690157958687728 [66, 81, 122, 121, 289, 333]
200.0 0.7844611528822055 0.6166134185303515 [13, 4, 75, 53, 131, 123]
345.0 0.819047619047619 0.5271317829457365 [31, 25, 86, 56, 224, 208]
392.0 216.65871780290772 0.7963394342408344 0.015900532812582937
epsilons: 100 max_epsilon: 0.01 attack_proportion: 0.9
450.0 0.9052183173588925 0.5 [56, 16, 166, 207, 294, 200]
165.0 0.9046610169491526 0.6065573770491803 [18, 7, 69, 60, 208, 110]
600.0 0.8806451612903226 0.5042735042735043 [24, 53, 119, 97, 274, 363]
420.0 0.9073170731707317 0.5645161290322581 [36, 51, 91, 68, 291, 283]
235.0 0.9130434782608695 0.5073260073260073 [26, 5, 152, 88, 164, 163]
320.0 0.9035947712418301 0.596745027124774 [18, 11, 146, 74, 196, 167]
650.0 0.9002320185614849 0.4639175257731959 [47, 71, 148, 129, 271, 196]
390.0 0.9308755760368663 0.5759075907590759 [44, 54, 81, 60, 213, 199]
570.0 0.8955637707948244 0.46852425180598556 [35, 95, 147, 124, 286, 395]
515.0 0.8844011142061281 0.5874015748031496 [16, 59, 69, 88, 315, 171]
431.5 150.51661037905419 0.9025552297871101 0.013458188454943273
epsilons: 100 max_epsilon: 0.01 attack_proportion: 1.0
205.0 1.0 0.5589430894308943 [24, 27, 81, 65, 178, 117]
365.0 1.0 0.6286644951140065 [22, 39, 78, 75, 268, 132]
190.0 1.0 0.5208333333333334 [43, 10, 68, 80, 184, 143]
310.0 1.0 0.5579322638146168 [24, 19, 112, 61, 190, 155]
80.0 1.0 0.6332288401253918 [3, 7, 51, 27, 122, 109]
165.0 1.0 0.5360983102918587 [18, 8, 102, 80, 237, 206]
440.0 1.0 0.514018691588785 [34, 34, 119, 150, 294, 225]
220.0 1.0 0.529500756429652 [16, 6, 156, 63, 187, 233]
255.0 1.0 0.48527131782945737 [20, 10, 141, 104, 212, 158]
330.0 1.0 0.6 [24, 15, 110, 74, 207, 165]
256.0 100.81666528902848 1.0 0.0
[819.0, 1026.5, 726.5, 683.5, 488.5, 509.0, 422.5, 392.0, 431.5, 256.0]
[655.243466201686, 344.5435386130467, 405.96828693877063, 419.5655491100288, 286.81047749341377, 146.5059725744995, 123.77903699738498, 216.65871780290772, 150.51661037905419, 100.81666528902848]
[0.09475934422414815, 0.20123401400050347, 0.28629667595162733, 0.39942034170287266, 0.4983043440921078, 0.5995939852171817, 0.6973568575791058, 0.7963394342408344, 0.9025552297871101, 1.0]
[0.0116322317261781, 0.012001488786361723, 0.013409314891844616, 0.011500405462470416, 0.016842536924353287, 0.008069445477100735, 0.011553880341766612, 0.015900532812582937, 0.013458188454943273, 0.0]
Process 146225 detected
