pygame 1.9.6
Hello from the pygame community. https://www.pygame.org/contribute.html

WARNING: The TensorFlow contrib module will not be included in TensorFlow 2.0.
For more information, please see:
  * https://github.com/tensorflow/community/blob/master/rfcs/20180907-contrib-sunset.md
  * https://github.com/tensorflow/addons
If you depend on functionality not listed there, please file an issue.

Loading pretrained/dqn/Seaquest/1/tf_checkpoints/tf_ckpt-199
Online/Conv/weights:0 (8, 8, 4, 32)  
Online/Conv/biases:0 (32,)          
Online/Conv_1/weights:0 (4, 4, 32, 64) 
Online/Conv_1/biases:0 (64,)          
Online/Conv_2/weights:0 (3, 3, 64, 64) 
Online/Conv_2/biases:0 (64,)          
Online/fully_connected/weights:0 (7744, 512)    
Online/fully_connected/biases:0 (512,)         
Online/fully_connected_1/weights:0 (512, 18)      
Online/fully_connected_1/biases:0 (18,)          
Target/Conv/weights:0 (8, 8, 4, 32)  
Target/Conv/biases:0 (32,)          
Target/Conv_1/weights:0 (4, 4, 32, 64) 
Target/Conv_1/biases:0 (64,)          
Target/Conv_2/weights:0 (3, 3, 64, 64) 
Target/Conv_2/biases:0 (64,)          
Target/fully_connected/weights:0 (7744, 512)    
Target/fully_connected/biases:0 (512,)         
Target/fully_connected_1/weights:0 (512, 18)      
Target/fully_connected_1/biases:0 (18,)          
Loading pretrained/dqn/Seaquest/5/tf_checkpoints/tf_ckpt-199
Online/Conv/weights:0 (8, 8, 4, 32)  
Online/Conv/biases:0 (32,)          
Online/Conv_1/weights:0 (4, 4, 32, 64) 
Online/Conv_1/biases:0 (64,)          
Online/Conv_2/weights:0 (3, 3, 64, 64) 
Online/Conv_2/biases:0 (64,)          
Online/fully_connected/weights:0 (7744, 512)    
Online/fully_connected/biases:0 (512,)         
Online/fully_connected_1/weights:0 (512, 18)      
Online/fully_connected_1/biases:0 (18,)          
Target/Conv/weights:0 (8, 8, 4, 32)  
Target/Conv/biases:0 (32,)          
Target/Conv_1/weights:0 (4, 4, 32, 64) 
Target/Conv_1/biases:0 (64,)          
Target/Conv_2/weights:0 (3, 3, 64, 64) 
Target/Conv_2/biases:0 (64,)          
Target/fully_connected/weights:0 (7744, 512)    
Target/fully_connected/biases:0 (512,)         
Target/fully_connected_1/weights:0 (512, 18)      
Target/fully_connected_1/biases:0 (18,)          
Performing blockbox attack (perturbation is computed by source model)
attacker_policy: attack_large_prob_gap
targetted: False visualize: False decreasing_epsilons: True
epsilons: 100 max_epsilons: [0.01] attack_proportions: [0.1 0.2 0.3 0.4 0.5 0.6 0.7 0.8 0.9 1. ]
epsilons: 100 max_epsilon: 0.01 attack_proportion: 0.1
1440.0 0.19745608721986674 0.8128834355828221 [0, 4, 6, 19, 164, 374, 126, 0, 0, 31, 344, 37, 110, 318, 36, 67, 2, 13]
600.0 0.21784037558685446 0.7629310344827587 [1, 14, 1, 5, 130, 360, 103, 0, 1, 13, 119, 8, 108, 127, 23, 41, 6, 5]
1540.0 0.160318362706083 0.8191489361702128 [2, 15, 13, 3, 142, 515, 133, 0, 0, 67, 283, 33, 146, 244, 58, 93, 5, 7]
840.0 0.16945107398568018 0.8215962441314554 [0, 13, 1, 2, 100, 422, 99, 1, 0, 75, 213, 7, 87, 131, 35, 55, 12, 4]
1040.0 0.15378548895899052 0.764102564102564 [0, 10, 4, 2, 126, 411, 105, 1, 1, 34, 246, 9, 83, 147, 29, 45, 11, 4]
1000.0 0.2044636429085673 0.8133802816901409 [0, 14, 2, 4, 180, 412, 98, 0, 0, 38, 237, 22, 74, 201, 46, 42, 6, 13]
1300.0 0.16894087069525665 0.8153846153846154 [0, 4, 6, 8, 125, 479, 113, 1, 11, 39, 339, 14, 115, 196, 37, 45, 4, 3]
740.0 0.2104722792607803 0.775609756097561 [4, 20, 1, 6, 89, 325, 95, 1, 1, 17, 142, 10, 84, 111, 26, 33, 6, 3]
1200.0 0.20942028985507247 0.8269896193771626 [1, 15, 2, 2, 99, 391, 122, 0, 1, 28, 285, 20, 94, 230, 27, 50, 0, 13]
1280.0 0.19731543624161074 0.7857142857142857 [1, 8, 29, 3, 119, 396, 100, 1, 4, 46, 301, 44, 93, 247, 24, 54, 11, 9]
1098.0 291.9520508576708 0.18894639074187622 0.022218886030447835
epsilons: 100 max_epsilon: 0.01 attack_proportion: 0.2
780.0 0.3696911196911197 0.7493472584856397 [11, 20, 2, 5, 94, 328, 87, 0, 1, 20, 154, 15, 111, 117, 17, 42, 5, 7]
1480.0 0.2657550535077289 0.7807606263982103 [0, 21, 5, 2, 144, 529, 146, 0, 0, 60, 291, 33, 111, 207, 53, 63, 9, 8]
1120.0 0.3620689655172414 0.7991718426501035 [1, 8, 0, 5, 108, 427, 124, 0, 0, 39, 212, 19, 113, 182, 34, 49, 10, 3]
1240.0 0.32695984703632885 0.7992202729044834 [10, 24, 0, 8, 123, 396, 143, 0, 2, 50, 221, 44, 124, 275, 36, 93, 10, 10]
1060.0 0.3373266078184111 0.77196261682243 [11, 13, 3, 2, 203, 386, 88, 0, 0, 73, 269, 26, 109, 257, 50, 84, 10, 2]
1400.0 0.28527980535279807 0.7846481876332623 [6, 16, 2, 3, 169, 470, 174, 0, 1, 59, 266, 8, 152, 212, 30, 61, 12, 3]
1620.0 0.25502990755845567 0.814498933901919 [1, 14, 1, 12, 189, 535, 172, 1, 1, 51, 291, 20, 113, 267, 57, 100, 11, 3]
1780.0 0.305744888023369 0.7929936305732485 [1, 8, 10, 5, 216, 532, 194, 1, 0, 75, 378, 58, 145, 295, 53, 76, 2, 5]
1140.0 0.38666666666666666 0.7810344827586206 [3, 8, 1, 7, 113, 425, 129, 0, 1, 30, 271, 25, 101, 261, 27, 78, 12, 8]
1660.0 0.33715596330275227 0.7908163265306123 [0, 17, 11, 4, 149, 476, 136, 0, 0, 43, 341, 41, 109, 295, 31, 77, 2, 12]
1328.0 297.75157430314283 0.3231678824474872 0.0421881500424077
epsilons: 100 max_epsilon: 0.01 attack_proportion: 0.30000000000000004
640.0 0.53081876724931 0.7608318890814558 [39, 26, 5, 11, 66, 213, 44, 1, 2, 16, 149, 45, 79, 251, 30, 84, 4, 22]
960.0 0.4716981132075472 0.7446153846153846 [8, 15, 58, 13, 87, 308, 58, 0, 2, 33, 267, 47, 73, 270, 19, 101, 5, 14]
980.0 0.43942992874109266 0.7711711711711712 [2, 8, 3, 9, 139, 446, 97, 0, 0, 47, 199, 9, 89, 120, 46, 28, 19, 2]
1200.0 0.5420494699646643 0.7992177314211213 [10, 16, 4, 11, 91, 401, 79, 1, 1, 22, 231, 76, 73, 238, 29, 113, 12, 7]
1060.0 0.44296875 0.798941798941799 [5, 16, 1, 5, 116, 356, 87, 0, 1, 24, 212, 31, 98, 214, 24, 85, 5, 0]
1480.0 0.47563123899001764 0.7580246913580246 [22, 19, 0, 18, 139, 400, 134, 1, 2, 28, 268, 51, 118, 320, 39, 111, 27, 6]
520.0 0.5186721991701245 0.7706666666666667 [0, 13, 3, 11, 60, 289, 54, 0, 0, 15, 109, 5, 32, 71, 12, 40, 8, 1]
1180.0 0.4012112036336109 0.7811320754716982 [11, 11, 3, 3, 134, 459, 155, 0, 1, 48, 145, 4, 104, 133, 39, 62, 7, 2]
960.0 0.4329501915708812 0.784070796460177 [18, 16, 5, 17, 115, 369, 93, 0, 1, 80, 212, 24, 71, 188, 36, 42, 11, 7]
1200.0 0.46981263011797364 0.7488921713441654 [12, 24, 0, 4, 119, 446, 129, 0, 1, 38, 229, 25, 112, 186, 46, 63, 1, 6]
1018.0 265.84958153060916 0.4725242492645222 0.04358869955904375
epsilons: 100 max_epsilon: 0.01 attack_proportion: 0.4
1300.0 0.5670995670995671 0.7589967284623773 [14, 13, 2, 14, 98, 489, 140, 0, 4, 37, 269, 22, 105, 254, 37, 100, 10, 9]
960.0 0.558756633813495 0.7503392130257802 [3, 18, 3, 10, 124, 417, 94, 0, 1, 54, 201, 12, 116, 175, 47, 35, 3, 6]
1460.0 0.6327557294577977 0.8056537102473498 [11, 20, 19, 13, 127, 446, 130, 0, 1, 16, 420, 42, 98, 347, 21, 53, 7, 18]
1060.0 0.6346604215456675 0.7785977859778598 [1, 17, 1, 6, 113, 334, 95, 0, 0, 30, 256, 28, 63, 258, 20, 50, 2, 7]
1540.0 0.5641580942068218 0.7600767754318618 [9, 23, 1, 21, 128, 436, 105, 0, 2, 65, 339, 60, 142, 305, 46, 136, 20, 9]
820.0 0.5946188340807175 0.7722473604826546 [0, 8, 3, 7, 127, 323, 102, 0, 0, 31, 150, 6, 103, 169, 23, 46, 11, 6]
440.0 0.6631578947368421 0.7671957671957672 [2, 13, 0, 2, 69, 278, 46, 0, 1, 13, 102, 14, 60, 182, 27, 28, 15, 3]
1400.0 0.6123499142367067 0.7796451914098973 [4, 4, 10, 12, 152, 385, 135, 0, 1, 55, 365, 46, 113, 323, 48, 71, 2, 23]
1140.0 0.5102523659305994 0.7959814528593508 [4, 4, 2, 9, 96, 477, 128, 0, 1, 50, 162, 6, 106, 138, 27, 53, 2, 3]
1120.0 0.5684702738810955 0.7779083431257344 [0, 10, 7, 4, 124, 455, 111, 0, 0, 54, 278, 22, 97, 203, 43, 56, 22, 11]
1124.0 313.789738519283 0.590627972898931 0.043224053616712325
epsilons: 100 max_epsilon: 0.01 attack_proportion: 0.5
900.0 0.6927162367223065 0.7524644030668127 [1, 16, 3, 6, 135, 419, 119, 0, 1, 42, 202, 3, 67, 198, 42, 56, 5, 3]
1380.0 0.5945273631840796 0.7510460251046025 [3, 22, 1, 6, 184, 543, 179, 0, 0, 58, 180, 17, 125, 177, 46, 57, 7, 3]
1680.0 0.6517671517671517 0.7783094098883573 [3, 14, 8, 10, 166, 507, 192, 0, 0, 77, 327, 30, 94, 305, 39, 127, 15, 10]
1240.0 0.712363869314542 0.7715827338129496 [9, 20, 1, 1, 134, 429, 138, 0, 1, 74, 285, 22, 113, 243, 51, 33, 2, 5]
1740.0 0.671875 0.7758985200845666 [5, 30, 12, 11, 193, 542, 163, 0, 2, 54, 333, 76, 121, 350, 55, 144, 13, 8]
700.0 0.7356919875130072 0.7835926449787836 [12, 18, 0, 4, 81, 310, 91, 0, 3, 24, 141, 7, 82, 117, 16, 46, 4, 5]
560.0 0.7546728971962616 0.760061919504644 [3, 19, 3, 9, 79, 293, 50, 0, 1, 33, 140, 14, 63, 89, 24, 29, 6, 1]
800.0 0.7274959083469722 0.7705286839145107 [1, 3, 3, 3, 125, 339, 83, 0, 0, 35, 266, 19, 75, 209, 25, 32, 0, 4]
900.0 0.7238979118329466 0.75 [4, 4, 5, 4, 100, 401, 96, 0, 12, 42, 185, 37, 76, 236, 37, 46, 3, 5]
320.0 0.6828125 0.7734553775743707 [5, 5, 1, 2, 53, 221, 29, 0, 1, 14, 107, 10, 62, 76, 19, 24, 11, 0]
1022.0 448.68251581714213 0.6947820825877267 0.044789665352364005
epsilons: 100 max_epsilon: 0.01 attack_proportion: 0.6000000000000001
740.0 0.7838104639684107 0.7707808564231738 [5, 4, 1, 4, 98, 316, 75, 0, 1, 26, 180, 18, 77, 145, 23, 33, 3, 4]
720.0 0.8544423440453687 0.7876106194690266 [0, 10, 3, 3, 134, 255, 49, 1, 2, 17, 223, 30, 62, 201, 23, 33, 7, 5]
1060.0 0.75115562403698 0.7651282051282051 [5, 16, 1, 1, 141, 393, 143, 0, 5, 58, 174, 15, 121, 147, 30, 39, 4, 5]
720.0 0.8429752066115702 0.7794117647058824 [0, 4, 3, 1, 69, 340, 67, 0, 3, 26, 175, 9, 81, 115, 36, 33, 1, 5]
1160.0 0.775 0.7788018433179723 [3, 5, 1, 22, 148, 360, 101, 0, 1, 27, 258, 27, 102, 230, 40, 57, 1, 17]
1440.0 0.7338090010976949 0.768885564697083 [15, 14, 1, 4, 187, 561, 151, 0, 1, 94, 275, 22, 129, 237, 56, 66, 6, 3]
620.0 0.8033898305084746 0.7735583684950773 [3, 9, 1, 3, 87, 324, 78, 0, 0, 17, 113, 10, 80, 90, 15, 34, 20, 1]
760.0 0.8883455582722086 0.7532110091743119 [4, 2, 2, 4, 124, 282, 55, 0, 0, 47, 265, 35, 62, 274, 28, 41, 1, 1]
1820.0 0.7550351288056206 0.7655086848635235 [9, 20, 6, 20, 164, 483, 177, 1, 3, 74, 386, 68, 130, 376, 49, 131, 24, 14]
1060.0 0.7549896765313145 0.7484047402005469 [4, 4, 2, 2, 154, 423, 163, 0, 14, 69, 181, 15, 122, 214, 34, 48, 3, 1]
1010.0 363.8955894209217 0.7942952833877643 0.04899359064776678
epsilons: 100 max_epsilon: 0.01 attack_proportion: 0.7000000000000001
880.0 0.870420017873101 0.7741273100616016 [2, 19, 0, 4, 115, 328, 113, 0, 3, 30, 134, 14, 102, 157, 36, 48, 10, 4]
1660.0 0.9268527430221367 0.7793354101765316 [0, 4, 22, 16, 217, 413, 147, 0, 2, 65, 436, 68, 100, 452, 50, 65, 4, 17]
880.0 0.9329660238751147 0.7785433070866141 [8, 20, 2, 1, 77, 339, 88, 0, 0, 32, 181, 10, 91, 163, 22, 43, 5, 7]
1500.0 0.8355452971725332 0.7776243093922652 [0, 7, 4, 2, 160, 456, 144, 0, 9, 49, 321, 27, 100, 348, 43, 53, 0, 10]
1600.0 0.8206039076376554 0.7792207792207793 [4, 11, 3, 6, 159, 526, 189, 0, 3, 42, 294, 20, 126, 209, 36, 48, 1, 12]
600.0 0.9247743229689067 0.7472885032537961 [4, 2, 5, 2, 96, 344, 82, 0, 12, 25, 144, 11, 44, 143, 30, 47, 3, 3]
1440.0 0.8850252383623107 0.7845373891001267 [17, 13, 3, 1, 178, 480, 143, 0, 0, 81, 273, 28, 90, 316, 35, 105, 12, 8]
840.0 0.8651960784313726 0.7592067988668555 [3, 3, 6, 0, 177, 415, 86, 0, 3, 54, 142, 18, 83, 151, 42, 40, 1, 0]
740.0 0.8477366255144033 0.7961165048543689 [6, 16, 3, 2, 52, 344, 76, 0, 1, 11, 137, 15, 103, 121, 29, 45, 3, 8]
1480.0 0.8685682326621924 0.7656149388280747 [6, 8, 1, 14, 146, 504, 160, 0, 0, 61, 238, 33, 103, 335, 53, 105, 11, 10]
1162.0 385.896359143229 0.8777688487519727 0.037373053197810605
epsilons: 100 max_epsilon: 0.01 attack_proportion: 0.8
1380.0 0.9169771154869611 0.7405687753917586 [9, 22, 4, 24, 174, 490, 147, 2, 1, 60, 253, 43, 104, 360, 38, 125, 15, 8]
1040.0 0.9490538573508006 0.7661042944785276 [3, 6, 2, 3, 98, 439, 122, 0, 1, 34, 189, 19, 93, 243, 19, 83, 12, 8]
1200.0 0.900990099009901 0.7333333333333333 [8, 10, 2, 11, 154, 454, 138, 0, 1, 47, 190, 19, 94, 250, 50, 69, 14, 4]
980.0 0.9511305616338439 0.7653374233128835 [0, 11, 0, 1, 148, 390, 79, 0, 0, 36, 244, 27, 56, 293, 32, 48, 1, 5]
1300.0 0.8879310344827587 0.7617625093353249 [3, 5, 1, 12, 143, 460, 159, 1, 1, 48, 229, 28, 132, 188, 34, 56, 2, 6]
1180.0 0.8924274593064402 0.7573354480570975 [0, 25, 5, 4, 169, 407, 145, 0, 1, 34, 195, 14, 124, 183, 42, 56, 4, 5]
880.0 0.9565619223659889 0.7574879227053141 [2, 9, 3, 4, 75, 301, 58, 1, 6, 22, 213, 11, 67, 226, 42, 33, 1, 8]
1040.0 0.950561797752809 0.7486209613869188 [9, 10, 1, 5, 121, 387, 117, 0, 2, 35, 182, 16, 106, 239, 40, 57, 5, 3]
860.0 0.9623875715453802 0.7655055225148684 [2, 14, 5, 5, 144, 364, 93, 1, 0, 75, 165, 10, 110, 147, 38, 43, 6, 1]
1120.0 0.9209748892171344 0.7457898957497995 [4, 11, 6, 11, 92, 480, 140, 0, 0, 55, 171, 12, 126, 155, 36, 47, 7, 1]
1098.0 162.09873534361705 0.9288996308152019 0.026923662833439853
epsilons: 100 max_epsilon: 0.01 attack_proportion: 0.9
660.0 0.9888682745825603 0.7429643527204502 [9, 21, 3, 8, 129, 289, 75, 0, 1, 34, 159, 21, 63, 190, 30, 36, 3, 7]
1180.0 0.9747899159663865 0.7744252873563219 [6, 13, 2, 8, 81, 458, 107, 0, 0, 52, 230, 32, 106, 205, 26, 85, 11, 6]
1180.0 0.9826319305277221 0.7688647178789939 [0, 22, 1, 11, 132, 381, 112, 0, 1, 58, 302, 24, 102, 268, 29, 43, 1, 10]
500.0 0.9694117647058823 0.7475728155339806 [1, 10, 8, 2, 68, 282, 59, 0, 0, 37, 133, 4, 40, 144, 31, 28, 1, 2]
1000.0 0.9582384206529992 0.751188589540412 [2, 9, 5, 6, 126, 439, 123, 0, 0, 28, 189, 16, 83, 178, 49, 49, 7, 8]
1320.0 0.9704284852142426 0.775497512437811 [6, 5, 5, 9, 220, 421, 150, 0, 1, 54, 274, 39, 89, 264, 29, 74, 4, 13]
1300.0 0.9896278218425869 0.781750924784217 [0, 21, 46, 7, 167, 394, 104, 0, 3, 22, 344, 39, 100, 294, 35, 47, 5, 11]
920.0 0.9824945295404814 0.793615441722346 [10, 6, 41, 12, 78, 324, 64, 0, 1, 17, 199, 51, 78, 345, 36, 94, 7, 8]
1380.0 0.9846342962507683 0.7796504369538078 [4, 15, 2, 9, 101, 425, 143, 0, 1, 52, 250, 29, 128, 306, 40, 115, 5, 2]
1120.0 0.9837570621468926 0.7702799712849964 [5, 18, 0, 11, 144, 382, 113, 0, 1, 56, 200, 33, 77, 242, 34, 87, 12, 1]
1056.0 275.0708999512671 0.9784882501430523 0.009495605605235229
epsilons: 100 max_epsilon: 0.01 attack_proportion: 1.0
520.0 1.0 0.7830319888734353 [0, 12, 0, 5, 50, 260, 73, 0, 0, 11, 98, 0, 84, 83, 11, 28, 2, 2]
1320.0 1.0 0.77735368956743 [3, 6, 3, 11, 115, 514, 167, 0, 0, 51, 250, 18, 116, 204, 35, 72, 2, 5]
1180.0 1.0 0.7920324105334233 [2, 19, 5, 6, 205, 431, 112, 0, 0, 41, 197, 14, 99, 232, 57, 56, 3, 2]
660.0 1.0 0.7616865261228231 [0, 11, 3, 2, 171, 350, 88, 0, 1, 37, 129, 12, 63, 151, 32, 36, 1, 4]
1040.0 1.0 0.7795216741405082 [3, 2, 10, 7, 103, 302, 77, 0, 3, 33, 313, 39, 51, 294, 24, 61, 6, 10]
1340.0 1.0 0.7479849543256314 [6, 17, 23, 11, 145, 414, 119, 0, 0, 32, 434, 64, 81, 393, 30, 60, 3, 29]
1180.0 1.0 0.7615193026151931 [6, 24, 1, 11, 190, 399, 132, 1, 0, 62, 209, 38, 124, 263, 41, 81, 13, 11]
940.0 1.0 0.792057761732852 [13, 17, 27, 9, 175, 312, 75, 0, 1, 57, 257, 34, 61, 265, 32, 29, 8, 13]
1340.0 1.0 0.7558290155440415 [5, 13, 13, 10, 117, 419, 122, 0, 2, 31, 295, 36, 96, 278, 34, 61, 7, 5]
340.0 1.0 0.802710843373494 [4, 0, 1, 3, 44, 191, 32, 0, 1, 2, 138, 17, 51, 129, 13, 31, 1, 6]
986.0 343.9825576973344 1.0 0.0
[1098.0, 1328.0, 1018.0, 1124.0, 1022.0, 1010.0, 1162.0, 1098.0, 1056.0, 986.0]
[291.9520508576708, 297.75157430314283, 265.84958153060916, 313.789738519283, 448.68251581714213, 363.8955894209217, 385.896359143229, 162.09873534361705, 275.0708999512671, 343.9825576973344]
[0.18894639074187622, 0.3231678824474872, 0.4725242492645222, 0.590627972898931, 0.6947820825877267, 0.7942952833877643, 0.8777688487519727, 0.9288996308152019, 0.9784882501430523, 1.0]
[0.022218886030447835, 0.0421881500424077, 0.04358869955904375, 0.043224053616712325, 0.044789665352364005, 0.04899359064776678, 0.037373053197810605, 0.026923662833439853, 0.009495605605235229, 0.0]
Process 105659 detected
