pygame 1.9.6
Hello from the pygame community. https://www.pygame.org/contribute.html

WARNING: The TensorFlow contrib module will not be included in TensorFlow 2.0.
For more information, please see:
  * https://github.com/tensorflow/community/blob/master/rfcs/20180907-contrib-sunset.md
  * https://github.com/tensorflow/addons
If you depend on functionality not listed there, please file an issue.

Loading pretrained/dqn/Riverraid/1/tf_checkpoints/tf_ckpt-199
Online/Conv/weights:0 (8, 8, 4, 32)  
Online/Conv/biases:0 (32,)          
Online/Conv_1/weights:0 (4, 4, 32, 64) 
Online/Conv_1/biases:0 (64,)          
Online/Conv_2/weights:0 (3, 3, 64, 64) 
Online/Conv_2/biases:0 (64,)          
Online/fully_connected/weights:0 (7744, 512)    
Online/fully_connected/biases:0 (512,)         
Online/fully_connected_1/weights:0 (512, 18)      
Online/fully_connected_1/biases:0 (18,)          
Target/Conv/weights:0 (8, 8, 4, 32)  
Target/Conv/biases:0 (32,)          
Target/Conv_1/weights:0 (4, 4, 32, 64) 
Target/Conv_1/biases:0 (64,)          
Target/Conv_2/weights:0 (3, 3, 64, 64) 
Target/Conv_2/biases:0 (64,)          
Target/fully_connected/weights:0 (7744, 512)    
Target/fully_connected/biases:0 (512,)         
Target/fully_connected_1/weights:0 (512, 18)      
Target/fully_connected_1/biases:0 (18,)          
Loading pretrained/dqn/Riverraid/5/tf_checkpoints/tf_ckpt-199
Online/Conv/weights:0 (8, 8, 4, 32)  
Online/Conv/biases:0 (32,)          
Online/Conv_1/weights:0 (4, 4, 32, 64) 
Online/Conv_1/biases:0 (64,)          
Online/Conv_2/weights:0 (3, 3, 64, 64) 
Online/Conv_2/biases:0 (64,)          
Online/fully_connected/weights:0 (7744, 512)    
Online/fully_connected/biases:0 (512,)         
Online/fully_connected_1/weights:0 (512, 18)      
Online/fully_connected_1/biases:0 (18,)          
Target/Conv/weights:0 (8, 8, 4, 32)  
Target/Conv/biases:0 (32,)          
Target/Conv_1/weights:0 (4, 4, 32, 64) 
Target/Conv_1/biases:0 (64,)          
Target/Conv_2/weights:0 (3, 3, 64, 64) 
Target/Conv_2/biases:0 (64,)          
Target/fully_connected/weights:0 (7744, 512)    
Target/fully_connected/biases:0 (512,)         
Target/fully_connected_1/weights:0 (512, 18)      
Target/fully_connected_1/biases:0 (18,)          
Performing blockbox attack (perturbation is computed by source model)
attacker_policy: random
targetted: False visualize: False decreasing_epsilons: True
epsilons: 100 max_epsilons: [0.01] attack_proportions: [0.1 0.2 0.3 0.4 0.5 0.6 0.7 0.8 0.9 1. ]
epsilons: 100 max_epsilon: 0.01 attack_proportion: 0.1
13130.0 0.0996309963099631 0.7037037037037037 [68, 73, 1, 41, 32, 132, 13, 57, 14, 10, 103, 35, 198, 11, 507, 268, 61, 273]
10800.0 0.10076605774896877 0.7134502923976608 [69, 75, 1, 37, 7, 91, 14, 22, 11, 17, 99, 11, 190, 2, 430, 331, 59, 231]
13220.0 0.0968766543144521 0.726775956284153 [37, 42, 4, 52, 17, 74, 3, 40, 3, 11, 76, 36, 229, 3, 563, 279, 80, 340]
8660.0 0.09737510584250635 0.5739130434782609 [31, 30, 0, 49, 4, 66, 3, 15, 5, 7, 55, 33, 126, 3, 312, 198, 37, 207]
15150.0 0.09683794466403162 0.6428571428571429 [32, 103, 0, 51, 11, 142, 3, 36, 3, 15, 117, 48, 250, 3, 540, 273, 81, 316]
3310.0 0.09688013136288999 0.576271186440678 [3, 11, 1, 2, 7, 26, 0, 8, 0, 0, 15, 7, 85, 3, 189, 98, 10, 144]
14930.0 0.10294117647058823 0.6728110599078341 [60, 58, 1, 79, 12, 165, 15, 62, 7, 22, 125, 36, 188, 7, 539, 333, 69, 330]
9480.0 0.094186902133922 0.6640625 [16, 41, 0, 47, 6, 89, 6, 28, 3, 8, 97, 18, 141, 3, 362, 231, 45, 218]
14590.0 0.09857072449482504 0.695 [39, 64, 1, 58, 23, 138, 12, 51, 11, 20, 118, 29, 189, 0, 526, 351, 71, 328]
15510.0 0.11787627861665854 0.7479338842975206 [80, 64, 1, 43, 19, 175, 7, 53, 8, 27, 91, 31, 200, 29, 591, 274, 73, 287]
11878.0 3668.9802397941585 0.10019419719588056 0.006330641405426468
epsilons: 100 max_epsilon: 0.01 attack_proportion: 0.2
3770.0 0.20793650793650795 0.7480916030534351 [6, 8, 1, 5, 2, 23, 3, 24, 0, 0, 14, 9, 70, 6, 160, 126, 14, 159]
3580.0 0.20512820512820512 0.7265625 [3, 36, 1, 15, 1, 25, 1, 4, 0, 0, 9, 17, 89, 1, 186, 82, 19, 135]
11710.0 0.20388349514563106 0.7002801120448179 [13, 64, 0, 49, 16, 64, 23, 27, 5, 10, 78, 15, 208, 5, 512, 256, 73, 333]
3520.0 0.19836065573770492 0.7107438016528925 [2, 29, 0, 33, 1, 41, 0, 6, 0, 0, 7, 9, 56, 1, 196, 107, 15, 107]
9560.0 0.19086219602063376 0.7027027027027027 [27, 44, 0, 33, 13, 79, 31, 53, 11, 5, 85, 28, 173, 9, 343, 213, 37, 173]
9210.0 0.19753086419753085 0.7083333333333334 [26, 42, 4, 28, 13, 64, 2, 20, 4, 3, 48, 23, 136, 8, 351, 208, 36, 199]
14270.0 0.18255481410867494 0.7075718015665796 [76, 71, 2, 49, 17, 190, 10, 68, 16, 23, 110, 20, 190, 28, 539, 320, 78, 291]
8960.0 0.17669753086419754 0.7030567685589519 [29, 33, 3, 55, 5, 60, 2, 28, 3, 7, 61, 19, 165, 7, 353, 201, 40, 225]
5040.0 0.17285531370038412 0.7333333333333333 [8, 35, 0, 40, 9, 27, 0, 15, 0, 0, 11, 39, 70, 5, 247, 96, 24, 155]
4110.0 0.19027181688125894 0.6917293233082706 [1, 32, 0, 14, 6, 29, 16, 14, 0, 1, 6, 11, 73, 0, 200, 99, 13, 184]
7373.0 3679.1087235905384 0.1926081399720729 0.01152851636757993
epsilons: 100 max_epsilon: 0.01 attack_proportion: 0.30000000000000004
16280.0 0.2855221873599283 0.6875981161695447 [60, 96, 2, 33, 26, 127, 8, 33, 7, 11, 68, 32, 235, 29, 695, 315, 91, 363]
6970.0 0.27438370846730975 0.68359375 [20, 43, 0, 17, 5, 53, 12, 25, 4, 0, 27, 37, 94, 22, 265, 151, 26, 132]
14820.0 0.2972575905974535 0.6474464579901154 [51, 56, 7, 53, 10, 96, 8, 35, 5, 16, 111, 32, 237, 5, 586, 324, 72, 338]
14060.0 0.293614881850176 0.6763698630136986 [37, 69, 0, 60, 8, 121, 11, 34, 8, 16, 113, 50, 258, 3, 527, 317, 72, 285]
4330.0 0.2934472934472934 0.7378640776699029 [3, 95, 0, 13, 2, 27, 0, 2, 0, 0, 20, 8, 71, 1, 204, 78, 16, 162]
16150.0 0.308152924919392 0.6965620328849028 [60, 48, 1, 52, 29, 85, 11, 28, 10, 17, 84, 20, 218, 5, 675, 334, 92, 402]
11040.0 0.27579231287929873 0.6919315403422983 [32, 22, 0, 29, 22, 79, 14, 38, 10, 1, 71, 25, 171, 6, 443, 229, 30, 261]
16450.0 0.2964519140989729 0.6929133858267716 [40, 84, 1, 69, 21, 111, 11, 46, 11, 33, 96, 56, 226, 5, 578, 349, 80, 325]
9280.0 0.29516129032258065 0.6994535519125683 [16, 39, 0, 28, 12, 53, 4, 14, 2, 0, 34, 31, 173, 6, 382, 185, 60, 201]
7210.0 0.28978840846366144 0.7047619047619048 [12, 13, 1, 34, 9, 58, 9, 23, 3, 4, 33, 24, 161, 21, 291, 163, 39, 189]
11659.0 4263.455054295753 0.2909572512406066 0.009654417811765879
epsilons: 100 max_epsilon: 0.01 attack_proportion: 0.4
8200.0 0.38979963570127507 0.7126168224299065 [21, 47, 0, 37, 9, 41, 5, 18, 8, 6, 25, 30, 92, 9, 307, 175, 26, 242]
11230.0 0.40644361833952913 0.6905487804878049 [27, 38, 0, 57, 13, 64, 9, 26, 8, 4, 66, 17, 148, 2, 476, 265, 59, 335]
10370.0 0.3891213389121339 0.7096774193548387 [23, 33, 21, 38, 7, 44, 3, 26, 1, 4, 75, 15, 157, 2, 442, 231, 41, 271]
8540.0 0.4109704641350211 0.6878850102669405 [10, 42, 5, 37, 4, 48, 4, 15, 4, 7, 59, 31, 164, 1, 347, 193, 31, 183]
14770.0 0.385523613963039 0.6684420772303595 [74, 50, 1, 53, 29, 83, 8, 46, 24, 4, 81, 34, 184, 16, 524, 329, 72, 336]
7890.0 0.4003831417624521 0.7344497607655502 [9, 47, 1, 48, 17, 51, 0, 14, 1, 5, 24, 26, 120, 3, 288, 161, 32, 197]
9260.0 0.3852848101265823 0.7207392197125256 [39, 22, 0, 29, 6, 60, 12, 20, 4, 3, 33, 29, 106, 10, 366, 241, 30, 254]
11590.0 0.40394973070017953 0.6755555555555556 [21, 41, 2, 57, 12, 73, 10, 22, 6, 15, 105, 13, 198, 3, 466, 279, 56, 292]
9440.0 0.4117647058823529 0.7161410018552876 [10, 42, 1, 38, 3, 59, 5, 26, 5, 12, 92, 26, 155, 3, 352, 223, 35, 222]
9920.0 0.3906942392909897 0.7069943289224953 [20, 48, 1, 31, 11, 61, 8, 21, 9, 11, 61, 16, 124, 1, 425, 206, 46, 254]
10121.0 1935.8638898434983 0.39739352988135546 0.009915555241782205
epsilons: 100 max_epsilon: 0.01 attack_proportion: 0.5
10970.0 0.5191545574636723 0.6857506361323156 [23, 70, 0, 34, 8, 64, 9, 23, 5, 6, 86, 12, 178, 2, 430, 275, 67, 222]
9760.0 0.5066864784546805 0.7023460410557185 [25, 27, 0, 28, 8, 60, 26, 40, 8, 2, 72, 23, 139, 3, 388, 185, 44, 268]
14910.0 0.496640826873385 0.7034339229968782 [38, 52, 1, 48, 15, 99, 12, 34, 12, 14, 106, 23, 223, 7, 531, 333, 64, 323]
5570.0 0.5203160270880361 0.7570498915401301 [7, 16, 0, 20, 8, 42, 1, 20, 0, 1, 25, 10, 139, 1, 232, 167, 29, 168]
9000.0 0.4970263381478335 0.7247863247863248 [22, 31, 0, 36, 11, 58, 4, 15, 3, 1, 57, 18, 147, 3, 348, 224, 32, 167]
11420.0 0.5177390258568851 0.6933797909407665 [32, 31, 0, 32, 28, 89, 5, 28, 4, 8, 81, 27, 203, 1, 493, 270, 65, 266]
7660.0 0.4938154138915319 0.6840077071290944 [32, 50, 1, 27, 10, 52, 6, 25, 1, 6, 30, 35, 100, 6, 287, 171, 32, 180]
8090.0 0.49356617647058826 0.6722532588454376 [26, 11, 2, 22, 12, 57, 5, 20, 2, 6, 29, 28, 111, 9, 323, 191, 29, 205]
7030.0 0.4748201438848921 0.7424242424242424 [13, 22, 0, 23, 5, 64, 7, 7, 0, 0, 22, 11, 152, 0, 290, 174, 37, 146]
8800.0 0.4983922829581994 0.6516129032258065 [12, 40, 2, 45, 2, 51, 4, 12, 6, 14, 54, 19, 163, 0, 348, 222, 28, 222]
9321.0 2500.441760969449 0.5018157271089704 0.013573618599750384
epsilons: 100 max_epsilon: 0.01 attack_proportion: 0.6000000000000001
7470.0 0.6067632850241546 0.6815286624203821 [19, 26, 3, 18, 3, 47, 8, 16, 0, 1, 33, 25, 146, 1, 308, 189, 29, 163]
11340.0 0.5856777493606138 0.7270742358078602 [22, 55, 10, 42, 8, 79, 8, 27, 6, 10, 77, 12, 144, 3, 464, 262, 52, 283]
8180.0 0.5974614687216682 0.7177541729893778 [22, 30, 0, 20, 14, 63, 5, 26, 2, 1, 36, 30, 127, 8, 333, 157, 25, 204]
7290.0 0.6049504950495049 0.6857610474631751 [14, 29, 1, 24, 2, 75, 10, 14, 1, 3, 24, 20, 119, 0, 305, 170, 34, 165]
9390.0 0.5641646489104116 0.7024320457796852 [28, 22, 0, 28, 17, 61, 9, 32, 8, 8, 79, 28, 107, 25, 355, 179, 36, 217]
9070.0 0.6333892617449665 0.6887417218543046 [19, 28, 0, 31, 9, 43, 9, 30, 1, 10, 22, 24, 104, 24, 349, 191, 33, 265]
16070.0 0.5869074492099323 0.7123076923076923 [78, 52, 2, 50, 28, 110, 11, 32, 3, 13, 108, 31, 242, 9, 674, 398, 75, 299]
11500.0 0.6164835164835165 0.6675579322638147 [64, 35, 2, 56, 14, 107, 10, 53, 7, 12, 129, 33, 210, 7, 446, 299, 62, 274]
9200.0 0.6164705882352941 0.6895674300254453 [20, 74, 1, 17, 15, 67, 4, 20, 1, 2, 24, 21, 192, 7, 392, 202, 55, 161]
7690.0 0.6054421768707483 0.7351524879614767 [30, 23, 0, 13, 9, 36, 11, 32, 2, 2, 30, 14, 77, 6, 296, 185, 33, 230]
9720.0 2537.2623041380643 0.6017710639610812 0.01842142152438056
epsilons: 100 max_epsilon: 0.01 attack_proportion: 0.7000000000000001
9010.0 0.7306122448979592 0.6882681564245811 [30, 29, 1, 36, 8, 68, 11, 34, 4, 16, 63, 34, 140, 24, 322, 191, 21, 193]
8240.0 0.7183856502242153 0.7153558052434457 [35, 18, 0, 37, 9, 57, 6, 13, 5, 3, 62, 7, 123, 3, 335, 182, 40, 180]
3860.0 0.7054263565891473 0.7164835164835165 [2, 36, 0, 12, 3, 26, 1, 3, 0, 1, 27, 7, 74, 0, 177, 94, 23, 159]
9420.0 0.700081499592502 0.7159487776484285 [56, 45, 1, 31, 7, 71, 7, 22, 4, 0, 55, 11, 143, 4, 353, 202, 28, 187]
12430.0 0.7069167643610785 0.736318407960199 [28, 57, 19, 53, 15, 53, 10, 21, 3, 5, 93, 9, 177, 5, 512, 291, 45, 310]
8900.0 0.704203013481364 0.6858108108108109 [25, 34, 1, 28, 10, 68, 8, 36, 3, 5, 82, 22, 155, 3, 340, 208, 37, 196]
8560.0 0.7042869641294838 0.7043478260869566 [15, 31, 1, 27, 3, 44, 6, 25, 3, 3, 49, 28, 121, 5, 326, 210, 36, 210]
11880.0 0.7146268656716418 0.6791979949874687 [51, 41, 0, 49, 26, 77, 6, 48, 4, 5, 79, 19, 191, 3, 463, 274, 60, 279]
8290.0 0.7140255009107468 0.6989795918367347 [24, 19, 1, 22, 10, 60, 9, 30, 0, 3, 38, 12, 157, 0, 313, 186, 27, 187]
7490.0 0.6925343811394892 0.6624113475177305 [26, 17, 2, 16, 2, 42, 28, 27, 2, 4, 35, 27, 64, 12, 310, 187, 19, 198]
8808.0 2232.75972733297 0.7091099240997628 0.010124064608566605
epsilons: 100 max_epsilon: 0.01 attack_proportion: 0.8
8860.0 0.8133223684210527 0.6764408493427705 [17, 46, 0, 24, 17, 60, 0, 19, 1, 3, 53, 29, 169, 2, 352, 233, 38, 153]
12010.0 0.8039757040309221 0.6895604395604396 [66, 42, 1, 54, 8, 107, 13, 44, 3, 20, 108, 29, 159, 1, 508, 342, 38, 268]
9800.0 0.8104229607250756 0.6859273066169618 [36, 48, 0, 31, 4, 55, 20, 22, 6, 4, 72, 13, 108, 2, 398, 235, 35, 235]
12230.0 0.79375 0.6871868289191124 [42, 50, 3, 50, 26, 62, 7, 30, 5, 9, 73, 25, 159, 3, 555, 281, 50, 330]
8990.0 0.7911445279866333 0.7022175290390708 [8, 43, 0, 34, 7, 30, 1, 11, 1, 4, 46, 29, 159, 3, 397, 181, 33, 210]
8090.0 0.8013182674199624 0.7121034077555817 [22, 20, 0, 27, 9, 50, 1, 12, 1, 1, 44, 13, 129, 2, 334, 182, 26, 189]
13890.0 0.7909137842023748 0.6899477806788512 [51, 54, 10, 76, 18, 102, 14, 40, 11, 11, 149, 32, 202, 3, 488, 329, 62, 285]
8050.0 0.7967914438502673 0.7192393736017897 [24, 25, 2, 21, 8, 29, 20, 25, 2, 4, 36, 35, 90, 15, 328, 201, 26, 231]
8670.0 0.810374149659864 0.720881427072403 [18, 27, 0, 26, 7, 68, 4, 27, 0, 3, 66, 8, 126, 0, 323, 220, 28, 225]
14910.0 0.802587446094873 0.7014925373134329 [62, 65, 4, 57, 10, 108, 9, 40, 2, 11, 92, 37, 193, 2, 618, 374, 73, 330]
10550.0 2383.4303010577005 0.8014600652391024 0.0077910438983235875
epsilons: 100 max_epsilon: 0.01 attack_proportion: 0.9
10870.0 0.8998708010335917 0.6956209619526202 [40, 23, 4, 41, 7, 78, 4, 28, 6, 7, 89, 15, 167, 3, 465, 281, 38, 252]
8170.0 0.8945454545454545 0.6951219512195121 [20, 19, 8, 25, 7, 50, 2, 21, 2, 0, 32, 18, 109, 9, 340, 192, 34, 212]
3520.0 0.8966101694915254 0.7277882797731569 [2, 33, 1, 16, 10, 24, 6, 1, 0, 0, 17, 7, 50, 2, 166, 81, 17, 157]
4560.0 0.9010989010989011 0.7408536585365854 [4, 44, 0, 13, 6, 28, 2, 6, 0, 0, 17, 7, 91, 4, 211, 93, 17, 185]
5710.0 0.8981900452488688 0.6876574307304786 [11, 30, 3, 26, 3, 31, 0, 10, 0, 0, 24, 9, 107, 0, 299, 126, 17, 188]
4780.0 0.8914616497829233 0.6818181818181818 [3, 24, 2, 16, 3, 43, 0, 4, 0, 0, 14, 6, 132, 0, 199, 120, 28, 97]
11410.0 0.8982758620689655 0.6954574536148432 [45, 39, 2, 40, 6, 90, 11, 33, 4, 11, 89, 29, 200, 5, 513, 315, 44, 264]
3100.0 0.9121863799283154 0.6620825147347741 [4, 23, 0, 13, 2, 22, 6, 4, 0, 0, 9, 8, 61, 1, 166, 94, 18, 127]
6840.0 0.9014227642276422 0.7474633596392334 [12, 46, 0, 24, 5, 34, 1, 11, 0, 0, 30, 32, 148, 3, 291, 172, 25, 150]
7680.0 0.9207828518173345 0.7074898785425101 [23, 22, 1, 7, 7, 47, 21, 24, 1, 6, 26, 32, 81, 24, 337, 176, 31, 207]
6664.0 2738.967688746985 0.9014444879243522 0.008265669331976698
epsilons: 100 max_epsilon: 0.01 attack_proportion: 1.0
8030.0 1.0 0.7182320441988951 [20, 40, 0, 16, 17, 50, 5, 11, 0, 2, 25, 15, 112, 5, 370, 185, 29, 184]
8700.0 1.0 0.6892123287671232 [36, 31, 1, 24, 11, 77, 5, 26, 3, 3, 58, 18, 92, 4, 335, 207, 30, 207]
7990.0 1.0 0.6775618374558304 [13, 30, 0, 28, 5, 51, 8, 11, 4, 8, 50, 32, 153, 3, 344, 188, 33, 171]
8140.0 1.0 0.7185886402753873 [17, 36, 0, 25, 8, 64, 2, 29, 2, 3, 43, 20, 81, 31, 360, 201, 26, 214]
6110.0 1.0 0.7379385964912281 [10, 39, 2, 21, 8, 25, 1, 12, 0, 0, 24, 34, 105, 3, 274, 132, 28, 194]
6780.0 1.0 0.6810865191146881 [13, 23, 1, 23, 3, 54, 13, 23, 0, 1, 33, 15, 167, 2, 285, 182, 22, 134]
9570.0 1.0 0.6942833471416736 [9, 32, 4, 28, 14, 50, 1, 11, 2, 6, 29, 21, 134, 5, 392, 225, 35, 209]
5710.0 1.0 0.7074401008827238 [6, 21, 0, 11, 2, 40, 0, 7, 0, 0, 16, 6, 88, 4, 266, 133, 19, 174]
11350.0 1.0 0.6862113402061856 [17, 40, 2, 27, 28, 36, 7, 11, 4, 0, 50, 17, 165, 0, 533, 265, 65, 285]
14640.0 1.0 0.7103340292275574 [37, 78, 0, 37, 25, 52, 9, 23, 2, 1, 90, 18, 238, 2, 617, 302, 70, 315]
8702.0 2523.175776675101 1.0 0.0
[11878.0, 7373.0, 11659.0, 10121.0, 9321.0, 9720.0, 8808.0, 10550.0, 6664.0, 8702.0]
[3668.9802397941585, 3679.1087235905384, 4263.455054295753, 1935.8638898434983, 2500.441760969449, 2537.2623041380643, 2232.75972733297, 2383.4303010577005, 2738.967688746985, 2523.175776675101]
[0.10019419719588056, 0.1926081399720729, 0.2909572512406066, 0.39739352988135546, 0.5018157271089704, 0.6017710639610812, 0.7091099240997628, 0.8014600652391024, 0.9014444879243522, 1.0]
[0.006330641405426468, 0.01152851636757993, 0.009654417811765879, 0.009915555241782205, 0.013573618599750384, 0.01842142152438056, 0.010124064608566605, 0.0077910438983235875, 0.008265669331976698, 0.0]
Process 136402 detected
