pygame 1.9.6
Hello from the pygame community. https://www.pygame.org/contribute.html

WARNING: The TensorFlow contrib module will not be included in TensorFlow 2.0.
For more information, please see:
  * https://github.com/tensorflow/community/blob/master/rfcs/20180907-contrib-sunset.md
  * https://github.com/tensorflow/addons
If you depend on functionality not listed there, please file an issue.

Loading pretrained/dqn/Seaquest/1/tf_checkpoints/tf_ckpt-199
Online/Conv/weights:0 (8, 8, 4, 32)  
Online/Conv/biases:0 (32,)          
Online/Conv_1/weights:0 (4, 4, 32, 64) 
Online/Conv_1/biases:0 (64,)          
Online/Conv_2/weights:0 (3, 3, 64, 64) 
Online/Conv_2/biases:0 (64,)          
Online/fully_connected/weights:0 (7744, 512)    
Online/fully_connected/biases:0 (512,)         
Online/fully_connected_1/weights:0 (512, 18)      
Online/fully_connected_1/biases:0 (18,)          
Target/Conv/weights:0 (8, 8, 4, 32)  
Target/Conv/biases:0 (32,)          
Target/Conv_1/weights:0 (4, 4, 32, 64) 
Target/Conv_1/biases:0 (64,)          
Target/Conv_2/weights:0 (3, 3, 64, 64) 
Target/Conv_2/biases:0 (64,)          
Target/fully_connected/weights:0 (7744, 512)    
Target/fully_connected/biases:0 (512,)         
Target/fully_connected_1/weights:0 (512, 18)      
Target/fully_connected_1/biases:0 (18,)          
attacker_policy: attack_large_prob_gap
targetted: False visualize: False decreasing_epsilons: False
epsilons: 100 max_epsilons: [0.01] attack_proportions: [0.1 0.2 0.3 0.4 0.5 0.6 0.7 0.8 0.9 1. ]
epsilons: 100 max_epsilon: 0.01 attack_proportion: 0.1
740.0 0.1533948030176027 0.0273224043715847 [3, 18, 2, 4, 149, 411, 105, 0, 2, 50, 135, 12, 69, 143, 41, 40, 4, 5]
500.0 0.2017259978425027 0.0213903743315508 [0, 3, 10, 4, 97, 306, 50, 0, 2, 32, 177, 7, 44, 106, 31, 33, 6, 19]
660.0 0.15417106652587118 0.02054794520547945 [4, 6, 7, 2, 80, 308, 81, 0, 0, 23, 119, 11, 96, 126, 25, 37, 18, 4]
920.0 0.17461430575035064 0.004016064257028112 [0, 6, 8, 4, 139, 450, 133, 3, 5, 41, 227, 21, 87, 181, 48, 56, 9, 8]
880.0 0.17585692995529062 0.025423728813559324 [6, 9, 5, 3, 170, 400, 98, 0, 2, 35, 204, 34, 65, 210, 45, 44, 1, 11]
720.0 0.25363489499192243 0.05732484076433121 [0, 3, 9, 2, 141, 348, 96, 0, 1, 22, 255, 31, 71, 194, 23, 27, 0, 15]
600.0 0.19328585961342828 0.042105263157894736 [19, 20, 5, 24, 80, 204, 22, 0, 0, 9, 160, 56, 72, 183, 19, 77, 17, 16]
680.0 0.17894736842105263 0.0196078431372549 [7, 13, 1, 2, 164, 373, 68, 0, 0, 41, 156, 15, 78, 132, 41, 38, 10, 1]
780.0 0.17577854671280277 0.01968503937007874 [4, 4, 2, 11, 119, 411, 95, 0, 1, 41, 265, 29, 108, 237, 39, 59, 15, 5]
980.0 0.26184538653366585 0.05238095238095238 [5, 16, 44, 5, 235, 307, 63, 0, 1, 52, 315, 65, 93, 282, 41, 56, 10, 14]
746.0 140.86873322352267 0.19232551593644898 0.03562328510702851
epsilons: 100 max_epsilon: 0.01 attack_proportion: 0.2
440.0 0.2866578599735799 0.018433179723502304 [5, 13, 1, 5, 91, 251, 65, 0, 1, 14, 106, 16, 67, 70, 8, 33, 6, 5]
380.0 0.44141069397042093 0.010309278350515464 [1, 4, 5, 10, 105, 210, 45, 1, 7, 7, 188, 35, 33, 151, 9, 33, 6, 29]
580.0 0.3233582709891937 0.017994858611825194 [19, 21, 5, 3, 152, 294, 67, 0, 1, 31, 178, 50, 65, 215, 33, 54, 8, 7]
580.0 0.27631578947368424 0.023809523809523808 [22, 4, 4, 9, 121, 294, 86, 0, 1, 4, 89, 15, 85, 95, 26, 36, 18, 3]
360.0 0.35475234270414996 0.026415094339622643 [1, 6, 5, 3, 97, 287, 34, 0, 10, 14, 86, 5, 47, 79, 29, 37, 3, 4]
600.0 0.3871543264942016 0.01152073732718894 [1, 21, 8, 8, 137, 304, 87, 2, 2, 16, 190, 22, 59, 150, 45, 27, 21, 21]
280.0 0.3665086887835703 0.008620689655172414 [7, 4, 3, 9, 34, 258, 38, 0, 12, 4, 79, 12, 47, 71, 9, 43, 3, 0]
200.0 0.42470389170896783 0.027888446215139442 [0, 4, 4, 8, 53, 208, 25, 0, 11, 4, 91, 16, 41, 73, 11, 24, 8, 10]
880.0 0.2748267898383372 0.0028011204481792717 [5, 11, 8, 18, 190, 338, 124, 0, 1, 32, 208, 37, 85, 130, 25, 61, 19, 7]
1000.0 0.2769556025369979 0.022900763358778626 [6, 5, 14, 15, 161, 428, 134, 4, 3, 29, 192, 23, 107, 173, 56, 45, 21, 3]
530.0 241.70229622409465 0.34126442564731035 0.05998909583842257
epsilons: 100 max_epsilon: 0.01 attack_proportion: 0.30000000000000004
440.0 0.46994535519125685 0.02558139534883721 [6, 4, 3, 7, 96, 330, 88, 0, 11, 19, 109, 9, 52, 96, 31, 31, 3, 20]
640.0 0.5851142225497421 0.020151133501259445 [29, 24, 27, 18, 166, 254, 54, 1, 0, 13, 255, 67, 53, 271, 25, 47, 9, 44]
840.0 0.4360587002096436 0.01282051282051282 [17, 24, 6, 34, 162, 291, 72, 2, 4, 17, 202, 80, 99, 253, 37, 104, 15, 12]
460.0 0.42815814850530376 0.02927927927927928 [6, 8, 5, 16, 171, 324, 65, 0, 5, 14, 135, 10, 67, 114, 40, 37, 18, 2]
740.0 0.41367806505421184 0.020161290322580645 [3, 16, 5, 4, 157, 320, 105, 0, 0, 28, 173, 39, 84, 161, 35, 46, 15, 8]
320.0 0.45260347129506007 0.02654867256637168 [12, 3, 9, 14, 68, 285, 53, 0, 6, 17, 93, 5, 43, 87, 21, 30, 3, 0]
440.0 0.3863080684596577 0.012658227848101266 [20, 8, 9, 11, 87, 236, 67, 0, 0, 20, 96, 15, 75, 112, 18, 26, 11, 7]
580.0 0.3715986394557823 0.02517162471395881 [23, 10, 4, 6, 192, 346, 65, 1, 3, 26, 130, 59, 74, 130, 36, 49, 14, 8]
340.0 0.4380264741275572 0.013736263736263736 [2, 2, 10, 2, 116, 276, 47, 0, 6, 26, 93, 16, 61, 111, 36, 24, 2, 1]
600.0 0.42625607779578606 0.013307984790874524 [13, 17, 11, 8, 229, 306, 77, 0, 1, 32, 166, 48, 81, 138, 27, 54, 14, 12]
540.0 161.24515496597098 0.4407747222644002 0.055417212863396695
epsilons: 100 max_epsilon: 0.01 attack_proportion: 0.4
300.0 0.6291126620139581 0.00792393026941363 [42, 11, 6, 7, 165, 215, 72, 1, 1, 11, 98, 42, 38, 139, 27, 82, 20, 26]
380.0 0.7019417475728156 0.005532503457814661 [9, 3, 23, 41, 125, 180, 64, 0, 0, 2, 180, 33, 43, 183, 15, 79, 16, 34]
100.0 0.7052631578947368 0.01791044776119403 [12, 7, 1, 27, 46, 119, 49, 0, 3, 16, 40, 1, 32, 73, 10, 29, 3, 7]
420.0 0.5436893203883495 0.001984126984126984 [14, 7, 4, 5, 165, 228, 79, 0, 2, 49, 113, 10, 51, 135, 33, 24, 6, 2]
380.0 0.5718918918918919 0.003780718336483932 [0, 10, 6, 11, 182, 248, 74, 0, 1, 26, 97, 10, 48, 132, 43, 18, 14, 5]
100.0 0.7232375979112271 0.007220216606498195 [11, 6, 0, 36, 30, 108, 27, 0, 13, 5, 33, 0, 15, 57, 4, 28, 2, 8]
160.0 0.6245353159851301 0.0 [13, 3, 4, 28, 67, 156, 43, 0, 9, 7, 39, 9, 36, 81, 10, 25, 2, 6]
300.0 0.5994358251057827 0.02588235294117647 [17, 14, 2, 18, 81, 177, 66, 0, 2, 32, 82, 9, 31, 117, 14, 33, 2, 12]
280.0 0.594047619047619 0.002004008016032064 [23, 17, 2, 9, 136, 217, 64, 0, 2, 13, 96, 20, 54, 96, 30, 35, 16, 10]
380.0 0.5526641883519207 0.017937219730941704 [17, 12, 3, 5, 144, 194, 46, 0, 0, 20, 104, 30, 43, 138, 15, 29, 5, 2]
280.0 113.84199576606166 0.6245819326163432 0.06189035395926011
epsilons: 100 max_epsilon: 0.01 attack_proportion: 0.5
100.0 0.7003891050583657 0.011111111111111112 [26, 19, 3, 26, 115, 208, 47, 0, 0, 5, 70, 14, 60, 105, 23, 37, 6, 7]
560.0 0.5793573515092503 0.023529411764705882 [0, 13, 5, 13, 135, 346, 94, 0, 5, 17, 106, 26, 60, 146, 21, 25, 9, 6]
600.0 0.7268370607028753 0.020879120879120878 [30, 4, 19, 17, 211, 257, 82, 0, 2, 17, 195, 43, 32, 207, 25, 54, 18, 39]
280.0 0.6657142857142857 0.012875536480686695 [13, 13, 1, 38, 68, 199, 52, 0, 3, 21, 46, 22, 53, 121, 9, 26, 13, 2]
140.0 0.811623246492986 0.012345679012345678 [13, 11, 12, 31, 49, 116, 41, 0, 3, 6, 37, 14, 39, 97, 4, 18, 3, 5]
200.0 0.827460510328068 0.016152716593245228 [23, 3, 8, 29, 69, 92, 34, 0, 12, 3, 181, 61, 29, 167, 1, 56, 15, 40]
80.0 0.7336448598130841 0.028662420382165606 [11, 15, 0, 33, 31, 110, 41, 0, 6, 6, 40, 2, 19, 74, 0, 33, 5, 2]
260.0 0.7058080808080808 0.02146690518783542 [26, 2, 4, 31, 110, 192, 58, 0, 2, 29, 87, 27, 46, 113, 12, 33, 4, 16]
120.0 0.7346938775510204 0.019444444444444445 [0, 15, 11, 13, 86, 137, 43, 0, 0, 4, 61, 0, 31, 62, 4, 8, 11, 4]
80.0 0.76010101010101 0.013289036544850499 [9, 14, 0, 31, 30, 96, 39, 0, 8, 7, 34, 5, 12, 62, 1, 38, 4, 6]
242.0 181.86808406094787 0.7245629388079027 0.06715995550920238
epsilons: 100 max_epsilon: 0.01 attack_proportion: 0.6000000000000001
280.0 0.7764350453172205 0.0311284046692607 [5, 22, 4, 29, 182, 219, 67, 0, 5, 23, 107, 27, 63, 153, 29, 32, 10, 16]
120.0 0.8111658456486043 0.018218623481781375 [6, 18, 1, 35, 62, 163, 76, 0, 1, 20, 65, 1, 24, 65, 8, 48, 8, 8]
120.0 0.8625678119349005 0.016771488469601678 [13, 7, 2, 37, 44, 94, 42, 0, 13, 20, 70, 25, 20, 86, 8, 48, 7, 17]
100.0 0.8502994011976048 0.01643192488262911 [6, 20, 3, 32, 41, 113, 42, 0, 0, 15, 75, 12, 35, 67, 5, 26, 5, 4]
80.0 0.7876543209876543 0.006269592476489028 [2, 12, 0, 31, 35, 101, 40, 0, 8, 11, 41, 0, 18, 80, 4, 16, 3, 3]
120.0 0.8008474576271186 0.010582010582010581 [7, 13, 7, 43, 58, 111, 36, 1, 3, 10, 38, 10, 13, 79, 7, 22, 7, 7]
80.0 0.8477801268498943 0.0199501246882793 [10, 6, 0, 21, 32, 103, 27, 0, 10, 7, 86, 24, 20, 73, 0, 38, 6, 10]
140.0 0.8637873754152824 0.013461538461538462 [40, 16, 6, 25, 42, 92, 32, 1, 0, 2, 73, 13, 46, 100, 6, 67, 24, 17]
200.0 0.8251851851851851 0.01436265709156194 [14, 6, 9, 31, 92, 170, 82, 0, 5, 17, 58, 10, 12, 103, 21, 25, 3, 17]
440.0 0.6926444833625219 0.011378002528445006 [12, 18, 7, 31, 183, 345, 109, 0, 2, 27, 93, 5, 49, 157, 41, 53, 5, 5]
168.0 107.40577265678041 0.8118367053525987 0.049384281282150805
epsilons: 100 max_epsilon: 0.01 attack_proportion: 0.7000000000000001
120.0 0.8385093167701864 0.03148148148148148 [17, 18, 2, 33, 113, 146, 36, 0, 0, 31, 90, 7, 19, 83, 9, 29, 5, 6]
60.0 0.8997722095671982 0.012658227848101266 [8, 3, 0, 36, 58, 95, 30, 0, 1, 9, 48, 3, 23, 72, 10, 33, 10, 0]
80.0 0.8872340425531915 0.009592326139088728 [16, 12, 2, 34, 54, 94, 61, 0, 7, 8, 37, 5, 23, 82, 6, 19, 4, 6]
40.0 0.9 0.007936507936507936 [1, 10, 2, 35, 31, 92, 40, 0, 12, 10, 56, 3, 26, 70, 2, 16, 9, 5]
140.0 0.9146141215106732 0.019748653500897665 [5, 20, 1, 43, 75, 117, 36, 0, 2, 22, 74, 13, 27, 82, 27, 47, 9, 9]
280.0 0.89520624303233 0.012453300124533 [1, 14, 6, 45, 122, 173, 56, 0, 0, 19, 120, 18, 23, 176, 34, 45, 26, 19]
540.0 0.864963503649635 0.010126582278481013 [25, 16, 8, 44, 197, 242, 93, 0, 6, 19, 212, 73, 53, 221, 34, 53, 25, 49]
280.0 0.929678188319428 0.016666666666666666 [44, 10, 3, 51, 69, 101, 40, 0, 2, 10, 149, 33, 56, 161, 8, 47, 22, 33]
140.0 0.8585714285714285 0.008319467554076539 [7, 18, 5, 41, 114, 142, 49, 0, 2, 29, 80, 14, 23, 105, 15, 34, 6, 16]
40.0 0.901840490797546 0.02040816326530612 [25, 16, 1, 18, 37, 80, 30, 2, 0, 4, 76, 5, 43, 77, 1, 51, 12, 11]
172.0 148.10806865258894 0.8890389544771617 0.026090799185462716
epsilons: 100 max_epsilon: 0.01 attack_proportion: 0.8
0.0 0.9191374663072777 0.008797653958944282 [10, 16, 1, 27, 35, 72, 33, 0, 0, 4, 48, 1, 14, 62, 5, 37, 5, 1]
160.0 0.9263803680981595 0.013245033112582781 [13, 21, 2, 51, 48, 91, 43, 0, 6, 17, 41, 3, 31, 88, 5, 21, 3, 5]
20.0 0.9411764705882353 0.023809523809523808 [10, 17, 1, 20, 31, 72, 33, 0, 2, 8, 44, 3, 11, 62, 6, 27, 6, 4]
320.0 0.9302103250478011 0.014388489208633094 [2, 6, 4, 45, 231, 164, 61, 0, 0, 37, 127, 32, 41, 186, 38, 49, 11, 12]
340.0 0.9318826868495743 0.016243654822335026 [11, 15, 4, 45, 171, 170, 89, 1, 2, 39, 150, 32, 46, 142, 44, 55, 21, 20]
160.0 0.9434697855750487 0.01652892561983471 [12, 5, 2, 38, 37, 74, 54, 0, 6, 14, 80, 6, 11, 114, 7, 34, 8, 11]
540.0 0.9142300194931774 0.0255863539445629 [17, 18, 28, 31, 317, 286, 137, 0, 3, 51, 179, 41, 34, 267, 43, 46, 7, 34]
80.0 0.9246119733924612 0.019184652278177457 [4, 10, 0, 20, 52, 66, 37, 1, 14, 4, 97, 6, 11, 69, 2, 26, 6, 26]
320.0 0.9339366515837104 0.009689922480620155 [26, 7, 12, 51, 117, 173, 87, 0, 0, 34, 144, 42, 81, 197, 47, 46, 13, 28]
340.0 0.9588900308324769 0.01929260450160772 [20, 20, 3, 34, 147, 157, 117, 0, 2, 38, 112, 13, 55, 164, 34, 31, 11, 15]
228.0 163.02147097851866 0.9323925777767922 0.012294891934861515
epsilons: 100 max_epsilon: 0.01 attack_proportion: 0.9
200.0 0.9758842443729904 0.011532125205930808 [24, 3, 1, 42, 45, 95, 35, 0, 2, 13, 78, 23, 34, 123, 23, 45, 13, 23]
260.0 0.9776674937965261 0.01903553299492386 [0, 6, 8, 21, 133, 161, 73, 0, 4, 14, 129, 21, 37, 120, 28, 21, 10, 20]
160.0 0.9790794979079498 0.008547008547008548 [25, 18, 2, 32, 70, 56, 50, 1, 1, 0, 138, 41, 28, 123, 4, 62, 27, 39]
200.0 0.9735973597359736 0.01864406779661017 [55, 16, 0, 24, 46, 93, 63, 1, 5, 13, 69, 12, 27, 99, 10, 42, 18, 13]
140.0 0.9764065335753176 0.01486988847583643 [29, 14, 2, 27, 52, 77, 62, 0, 3, 13, 62, 13, 41, 101, 15, 24, 9, 7]
20.0 0.9508196721311475 0.04597701149425287 [0, 4, 9, 20, 28, 91, 37, 0, 2, 5, 34, 2, 10, 86, 3, 30, 5, 0]
280.0 0.9850187265917603 0.020278833967046894 [23, 6, 2, 30, 113, 119, 78, 1, 0, 19, 110, 32, 23, 143, 16, 34, 18, 34]
260.0 0.96086508753862 0.02572347266881029 [6, 9, 5, 38, 174, 184, 101, 0, 8, 27, 95, 24, 44, 162, 30, 55, 5, 4]
140.0 0.9708029197080292 0.009398496240601503 [5, 18, 5, 37, 63, 111, 69, 0, 2, 25, 49, 2, 18, 97, 7, 31, 6, 3]
20.0 0.9657701711491442 0.015189873417721518 [26, 6, 2, 15, 43, 70, 28, 0, 3, 2, 74, 4, 13, 76, 7, 36, 4, 0]
168.0 87.72684879784524 0.9715911706507459 0.00948656095633134
epsilons: 100 max_epsilon: 0.01 attack_proportion: 1.0
60.0 1.0 0.018907563025210083 [28, 10, 1, 31, 42, 59, 53, 0, 7, 6, 59, 10, 28, 91, 11, 22, 6, 12]
320.0 1.0 0.04371002132196162 [3, 5, 10, 27, 159, 148, 87, 0, 1, 21, 136, 23, 54, 148, 42, 36, 18, 20]
40.0 1.0 0.005361930294906166 [7, 7, 1, 38, 28, 56, 39, 1, 5, 8, 35, 1, 17, 68, 13, 34, 14, 1]
400.0 1.0 0.035181236673773986 [0, 11, 3, 36, 173, 183, 96, 0, 4, 39, 88, 11, 50, 146, 49, 32, 7, 10]
140.0 1.0 0.02472952086553323 [1, 15, 2, 47, 82, 84, 57, 0, 11, 28, 86, 8, 30, 114, 9, 44, 8, 21]
80.0 1.0 0.015909090909090907 [7, 13, 3, 34, 44, 55, 40, 1, 12, 10, 52, 7, 25, 77, 14, 28, 9, 9]
160.0 1.0 0.004761904761904762 [27, 4, 0, 34, 104, 85, 55, 0, 6, 20, 68, 18, 34, 102, 20, 29, 8, 16]
40.0 1.0 0.021739130434782608 [32, 5, 6, 19, 26, 66, 31, 1, 7, 8, 52, 12, 20, 73, 0, 35, 7, 14]
60.0 1.0 0.026143790849673203 [16, 12, 3, 22, 33, 69, 44, 0, 1, 5, 67, 10, 19, 87, 7, 37, 11, 16]
40.0 1.0 0.017369727047146403 [22, 8, 1, 17, 32, 62, 29, 0, 0, 7, 41, 12, 16, 100, 12, 31, 6, 7]
134.0 121.01239605924675 1.0 0.0
[746.0, 530.0, 540.0, 280.0, 242.0, 168.0, 172.0, 228.0, 168.0, 134.0]
[140.86873322352267, 241.70229622409465, 161.24515496597098, 113.84199576606166, 181.86808406094787, 107.40577265678041, 148.10806865258894, 163.02147097851866, 87.72684879784524, 121.01239605924675]
[0.19232551593644898, 0.34126442564731035, 0.4407747222644002, 0.6245819326163432, 0.7245629388079027, 0.8118367053525987, 0.8890389544771617, 0.9323925777767922, 0.9715911706507459, 1.0]
[0.03562328510702851, 0.05998909583842257, 0.055417212863396695, 0.06189035395926011, 0.06715995550920238, 0.049384281282150805, 0.026090799185462716, 0.012294891934861515, 0.00948656095633134, 0.0]
Process 35008 detected
