pygame 1.9.6
Hello from the pygame community. https://www.pygame.org/contribute.html

WARNING: The TensorFlow contrib module will not be included in TensorFlow 2.0.
For more information, please see:
  * https://github.com/tensorflow/community/blob/master/rfcs/20180907-contrib-sunset.md
  * https://github.com/tensorflow/addons
If you depend on functionality not listed there, please file an issue.

Loading pretrained/dqn/Pong/1/tf_checkpoints/tf_ckpt-199
Online/Conv/weights:0 (8, 8, 4, 32)  
Online/Conv/biases:0 (32,)          
Online/Conv_1/weights:0 (4, 4, 32, 64) 
Online/Conv_1/biases:0 (64,)          
Online/Conv_2/weights:0 (3, 3, 64, 64) 
Online/Conv_2/biases:0 (64,)          
Online/fully_connected/weights:0 (7744, 512)    
Online/fully_connected/biases:0 (512,)         
Online/fully_connected_1/weights:0 (512, 6)       
Online/fully_connected_1/biases:0 (6,)           
Target/Conv/weights:0 (8, 8, 4, 32)  
Target/Conv/biases:0 (32,)          
Target/Conv_1/weights:0 (4, 4, 32, 64) 
Target/Conv_1/biases:0 (64,)          
Target/Conv_2/weights:0 (3, 3, 64, 64) 
Target/Conv_2/biases:0 (64,)          
Target/fully_connected/weights:0 (7744, 512)    
Target/fully_connected/biases:0 (512,)         
Target/fully_connected_1/weights:0 (512, 6)       
Target/fully_connected_1/biases:0 (6,)           
attacker_policy: random
targetted: False visualize: False decreasing_epsilons: False
epsilons: 100 max_epsilons: [0.01] attack_proportions: [0.1 0.2 0.3 0.4 0.5 0.6 0.7 0.8 0.9 1. ]
epsilons: 100 max_epsilon: 0.01 attack_proportion: 0.1
16.0 0.09581320450885668 0.008403361344537815 [651, 121, 252, 154, 660, 646]
11.0 0.09335839598997493 0.0 [974, 120, 383, 246, 779, 690]
15.0 0.09935571380128858 0.0034129692832764505 [749, 112, 339, 199, 798, 752]
16.0 0.10099800399201597 0.003952569169960474 [617, 116, 300, 191, 638, 643]
20.0 0.09771573604060914 0.004329004329004329 [669, 106, 222, 141, 552, 674]
8.0 0.10882624768946396 0.0 [1135, 224, 566, 344, 968, 1091]
15.0 0.09908026755852843 0.0 [541, 108, 304, 156, 710, 573]
7.0 0.09880152002338498 0.0 [799, 144, 418, 250, 907, 903]
15.0 0.09009009009009009 0.0 [653, 99, 319, 175, 739, 679]
17.0 0.09111691704768125 0.0035842293906810036 [731, 119, 308, 235, 890, 779]
14.0 3.872983346207417 0.09751560967418939 0.005136609517621959
epsilons: 100 max_epsilon: 0.01 attack_proportion: 0.2
4.0 0.18403483309143687 0.0015772870662460567 [781, 173, 483, 278, 891, 839]
-4.0 0.20802337938363444 0.0 [926, 165, 509, 300, 927, 937]
-1.0 0.20101966496722506 0.0 [988, 229, 524, 335, 994, 1049]
12.0 0.20006805035726438 0.0017006802721088435 [797, 116, 320, 214, 749, 743]
11.0 0.18738110336081168 0.0 [800, 166, 381, 196, 832, 779]
8.0 0.20353982300884957 0.0 [819, 141, 399, 258, 764, 896]
-5.0 0.19763845937587854 0.0 [882, 184, 432, 246, 827, 986]
9.0 0.2144177449168207 0.0014367816091954023 [830, 178, 422, 224, 767, 825]
5.0 0.21147260273972604 0.001349527665317139 [939, 184, 415, 271, 818, 877]
3.0 0.19844245745601385 0.0 [918, 161, 421, 269, 831, 867]
4.2 5.706137047074842 0.20060381186576612 0.009142873319074263
epsilons: 100 max_epsilon: 0.01 attack_proportion: 0.30000000000000004
-3.0 0.2936106983655275 0.0010121457489878543 [843, 194, 470, 230, 753, 875]
3.0 0.29248895434462446 0.0 [906, 143, 458, 302, 754, 832]
3.0 0.29651710072168186 0.0021164021164021165 [834, 151, 382, 242, 746, 832]
-5.0 0.29812834224598933 0.0 [680, 151, 391, 224, 720, 826]
-8.0 0.2943354313217327 0.0 [641, 121, 349, 238, 678, 674]
6.0 0.3021698365925529 0.0017730496453900709 [926, 184, 460, 296, 889, 978]
-4.0 0.30906990179087235 0.0 [844, 168, 474, 212, 832, 932]
-1.0 0.3039796782387807 0.0 [894, 164, 467, 242, 816, 960]
-6.0 0.302229845626072 0.0 [699, 145, 366, 235, 710, 760]
-11.0 0.30036496350364966 0.001215066828675577 [663, 157, 372, 236, 592, 720]
-2.6 5.083306010855534 0.2992894752751484 0.004978213684674478
epsilons: 100 max_epsilon: 0.01 attack_proportion: 0.4
-16.0 0.40677025527192007 0.001364256480218281 [466, 103, 230, 183, 405, 415]
-4.0 0.39994174191669096 0.0 [849, 170, 469, 262, 758, 925]
-12.0 0.41788012190992213 0.0 [753, 166, 418, 261, 650, 705]
-18.0 0.3873281530185296 0.0 [396, 90, 261, 173, 409, 344]
-18.0 0.4087136929460581 0.0012690355329949238 [504, 108, 301, 174, 425, 416]
-11.0 0.40641494112870485 0.000999000999000999 [568, 122, 343, 228, 622, 580]
-5.0 0.39985326485693323 0.0 [716, 138, 400, 165, 579, 728]
-12.0 0.4065080135988344 0.0011947431302270011 [556, 107, 278, 138, 474, 506]
-16.0 0.41323792486583183 0.001443001443001443 [451, 91, 236, 141, 370, 388]
-8.0 0.3920099875156055 0.0010615711252653928 [601, 127, 324, 157, 583, 611]
-12.0 4.8373546489791295 0.4038658097029031 0.008804589770103205
epsilons: 100 max_epsilon: 0.01 attack_proportion: 0.5
-10.0 0.49164345403899723 0.0 [710, 173, 376, 226, 624, 763]
-19.0 0.5266927083333334 0.0 [405, 86, 230, 151, 322, 342]
-17.0 0.5049332559489262 0.0011494252873563218 [485, 84, 219, 156, 368, 411]
-13.0 0.49760139555167904 0.0026292725679228747 [613, 105, 287, 210, 503, 575]
-7.0 0.4996542185338866 0.001384083044982699 [778, 158, 341, 204, 672, 739]
-11.0 0.5039404553415061 0.0008688097306689834 [613, 130, 287, 152, 524, 578]
-15.0 0.5092177379172895 0.0 [533, 120, 312, 143, 438, 461]
-12.0 0.502106472615856 0.0 [658, 159, 347, 218, 555, 674]
-14.0 0.5045745654162854 0.0 [506, 127, 338, 186, 481, 548]
-18.0 0.48988095238095236 0.0 [475, 95, 226, 155, 338, 391]
-13.6 3.5832945734337835 0.5030245216078711 0.009743295091176335
epsilons: 100 max_epsilon: 0.01 attack_proportion: 0.6000000000000001
-20.0 0.6059356966199505 0.0 [349, 71, 181, 115, 242, 255]
-18.0 0.6116573033707865 0.001148105625717566 [394, 76, 228, 130, 255, 341]
-16.0 0.5891990291262136 0.0010298661174047373 [477, 84, 215, 112, 381, 379]
-12.0 0.6055086628165259 0.0007336757153338225 [618, 122, 262, 191, 482, 576]
-17.0 0.606671299513551 0.002290950744558992 [384, 92, 202, 141, 295, 325]
-16.0 0.5858095815645846 0.0 [456, 96, 233, 147, 353, 364]
-17.0 0.6032880629020729 0.002369668246445498 [418, 76, 205, 101, 284, 315]
-17.0 0.5928358208955223 0.0010070493454179255 [470, 102, 246, 167, 332, 358]
-15.0 0.601113172541744 0.0 [463, 85, 219, 101, 364, 385]
-16.0 0.5977011494252874 0.0 [493, 89, 197, 126, 342, 406]
-16.4 1.9595917942265424 0.5999719778776239 0.007953983915152394
epsilons: 100 max_epsilon: 0.01 attack_proportion: 0.7000000000000001
-16.0 0.6899766899766899 0.0008445945945945946 [494, 104, 249, 116, 345, 408]
-17.0 0.6934396076026977 0.0008841732979664014 [450, 108, 251, 127, 325, 370]
-16.0 0.6863395225464191 0.000966183574879227 [494, 91, 235, 86, 302, 300]
-17.0 0.6984126984126984 0.0 [500, 115, 206, 145, 340, 395]
-17.0 0.697841726618705 0.000859106529209622 [490, 98, 238, 99, 321, 422]
-14.0 0.7036371800628648 0.0006381620931716656 [673, 134, 296, 187, 443, 494]
-15.0 0.691129883843717 0.0015278838808250573 [525, 123, 254, 175, 418, 399]
-17.0 0.7178517397881997 0.0 [414, 68, 175, 96, 258, 311]
-12.0 0.711556829035339 0.0006711409395973154 [567, 141, 271, 146, 443, 526]
-18.0 0.7133717210492643 0.0 [478, 99, 244, 127, 283, 332]
-15.9 1.7 0.7003557598936595 0.010290685253473125
epsilons: 100 max_epsilon: 0.01 attack_proportion: 0.8
-16.0 0.807361963190184 0.0 [485, 119, 205, 120, 301, 400]
-17.0 0.7866004962779156 0.0007886435331230284 [508, 117, 196, 124, 313, 354]
-18.0 0.7955182072829131 0.0 [413, 90, 214, 92, 307, 312]
-21.0 0.8128834355828221 0.0 [318, 48, 139, 80, 199, 194]
-20.0 0.8069620253164557 0.00130718954248366 [304, 77, 176, 65, 155, 171]
-20.0 0.7986743993371996 0.0 [381, 61, 163, 99, 230, 273]
-18.0 0.8001437814521927 0.0 [433, 77, 179, 115, 267, 320]
-19.0 0.8038237738985868 0.0 [373, 86, 166, 88, 224, 266]
-20.0 0.8059981255857545 0.004651162790697674 [321, 69, 131, 119, 190, 237]
-17.0 0.8089053803339518 0.0 [522, 93, 209, 85, 310, 398]
-18.6 1.562049935181331 0.8026871588257976 0.007264699565910004
epsilons: 100 max_epsilon: 0.01 attack_proportion: 0.9
-18.0 0.8917293233082707 0.0 [437, 74, 168, 83, 247, 321]
-20.0 0.9013632718524459 0.0008896797153024911 [372, 93, 170, 100, 225, 287]
-21.0 0.9044265593561368 0.0 [348, 65, 115, 89, 163, 214]
-18.0 0.8928270042194093 0.0 [416, 81, 192, 62, 184, 250]
-21.0 0.9192100538599641 0.0 [339, 81, 145, 92, 197, 260]
-19.0 0.8946957878315133 0.0017436791630340018 [439, 98, 152, 88, 226, 279]
-18.0 0.8775038520801233 0.001755926251097454 [418, 99, 159, 105, 237, 280]
-19.0 0.8992112182296231 0.0 [374, 75, 135, 89, 210, 258]
-19.0 0.9001663893510815 0.0009242144177449168 [397, 101, 170, 76, 199, 259]
-20.0 0.8913560666137986 0.0 [400, 86, 213, 77, 225, 260]
-19.3 1.0999999999999999 0.8972489526702366 0.010218763325007183
epsilons: 100 max_epsilon: 0.01 attack_proportion: 1.0
-21.0 1.0 0.002331002331002331 [349, 65, 102, 53, 146, 143]
-20.0 1.0 0.0010131712259371835 [354, 90, 120, 61, 172, 190]
-19.0 1.0 0.0009033423667570009 [366, 74, 144, 68, 192, 263]
-19.0 1.0 0.0 [384, 98, 132, 75, 212, 268]
-19.0 1.0 0.0008673026886383347 [392, 72, 141, 72, 202, 274]
-19.0 1.0 0.00078125 [426, 96, 171, 103, 220, 264]
-19.0 1.0 0.000784313725490196 [413, 96, 178, 103, 205, 280]
-20.0 1.0 0.0 [370, 63, 132, 53, 163, 174]
-18.0 1.0 0.001516300227445034 [413, 95, 177, 114, 238, 282]
-21.0 1.0 0.0 [372, 108, 171, 92, 269, 295]
-19.5 0.9219544457292888 1.0 0.0
[14.0, 4.2, -2.6, -12.0, -13.6, -16.4, -15.9, -18.6, -19.3, -19.5]
[3.872983346207417, 5.706137047074842, 5.083306010855534, 4.8373546489791295, 3.5832945734337835, 1.9595917942265424, 1.7, 1.562049935181331, 1.0999999999999999, 0.9219544457292888]
[0.09751560967418939, 0.20060381186576612, 0.2992894752751484, 0.4038658097029031, 0.5030245216078711, 0.5999719778776239, 0.7003557598936595, 0.8026871588257976, 0.8972489526702366, 1.0]
[0.005136609517621959, 0.009142873319074263, 0.004978213684674478, 0.008804589770103205, 0.009743295091176335, 0.007953983915152394, 0.010290685253473125, 0.007264699565910004, 0.010218763325007183, 0.0]
Process 3684 detected
