pygame 1.9.6
Hello from the pygame community. https://www.pygame.org/contribute.html

WARNING: The TensorFlow contrib module will not be included in TensorFlow 2.0.
For more information, please see:
  * https://github.com/tensorflow/community/blob/master/rfcs/20180907-contrib-sunset.md
  * https://github.com/tensorflow/addons
If you depend on functionality not listed there, please file an issue.

Loading pretrained/dqn/Pong/1/tf_checkpoints/tf_ckpt-199
Online/Conv/weights:0 (8, 8, 4, 32)  
Online/Conv/biases:0 (32,)          
Online/Conv_1/weights:0 (4, 4, 32, 64) 
Online/Conv_1/biases:0 (64,)          
Online/Conv_2/weights:0 (3, 3, 64, 64) 
Online/Conv_2/biases:0 (64,)          
Online/fully_connected/weights:0 (7744, 512)    
Online/fully_connected/biases:0 (512,)         
Online/fully_connected_1/weights:0 (512, 6)       
Online/fully_connected_1/biases:0 (6,)           
Target/Conv/weights:0 (8, 8, 4, 32)  
Target/Conv/biases:0 (32,)          
Target/Conv_1/weights:0 (4, 4, 32, 64) 
Target/Conv_1/biases:0 (64,)          
Target/Conv_2/weights:0 (3, 3, 64, 64) 
Target/Conv_2/biases:0 (64,)          
Target/fully_connected/weights:0 (7744, 512)    
Target/fully_connected/biases:0 (512,)         
Target/fully_connected_1/weights:0 (512, 6)       
Target/fully_connected_1/biases:0 (6,)           
Loading pretrained/dqn/Pong/5/tf_checkpoints/tf_ckpt-199
Online/Conv/weights:0 (8, 8, 4, 32)  
Online/Conv/biases:0 (32,)          
Online/Conv_1/weights:0 (4, 4, 32, 64) 
Online/Conv_1/biases:0 (64,)          
Online/Conv_2/weights:0 (3, 3, 64, 64) 
Online/Conv_2/biases:0 (64,)          
Online/fully_connected/weights:0 (7744, 512)    
Online/fully_connected/biases:0 (512,)         
Online/fully_connected_1/weights:0 (512, 6)       
Online/fully_connected_1/biases:0 (6,)           
Target/Conv/weights:0 (8, 8, 4, 32)  
Target/Conv/biases:0 (32,)          
Target/Conv_1/weights:0 (4, 4, 32, 64) 
Target/Conv_1/biases:0 (64,)          
Target/Conv_2/weights:0 (3, 3, 64, 64) 
Target/Conv_2/biases:0 (64,)          
Target/fully_connected/weights:0 (7744, 512)    
Target/fully_connected/biases:0 (512,)         
Target/fully_connected_1/weights:0 (512, 6)       
Target/fully_connected_1/biases:0 (6,)           
Performing blockbox attack (perturbation is computed by source model)
attacker_policy: random
targetted: False visualize: False decreasing_epsilons: True
epsilons: 100 max_epsilons: [0.01] attack_proportions: [0.1 0.2 0.3 0.4 0.5 0.6 0.7 0.8 0.9 1. ]
epsilons: 100 max_epsilon: 0.01 attack_proportion: 0.1
14.0 0.09462999345121152 0.3391003460207612 [737, 149, 346, 226, 763, 833]
10.0 0.09578804347826086 0.32269503546099293 [634, 136, 385, 260, 707, 822]
8.0 0.09817351598173515 0.34551495016611294 [629, 176, 389, 269, 765, 838]
16.0 0.10150537634408602 0.3177966101694915 [485, 101, 258, 158, 628, 695]
10.0 0.09683098591549295 0.3393939393939394 [735, 169, 384, 279, 828, 1013]
12.0 0.11573311367380561 0.35587188612099646 [480, 113, 261, 179, 712, 683]
11.0 0.10188813680085501 0.34265734265734266 [617, 127, 341, 160, 784, 778]
13.0 0.1017293997965412 0.33666666666666667 [730, 132, 315, 241, 724, 807]
19.0 0.09246231155778895 0.375 [482, 70, 222, 135, 511, 570]
14.0 0.08565737051792828 0.313953488372093 [726, 135, 358, 223, 796, 774]
12.7 3.0675723300355937 0.09843982475177057 0.007446445123124405
epsilons: 100 max_epsilon: 0.01 attack_proportion: 0.2
-2.0 0.18955304254173397 0.31676136363636365 [714, 207, 429, 256, 984, 1124]
-1.0 0.1924731182795699 0.33100558659217877 [749, 196, 420, 251, 1022, 1082]
-8.0 0.20689655172413793 0.3302752293577982 [591, 189, 368, 302, 776, 935]
4.0 0.20233020744529695 0.3202247191011236 [670, 186, 436, 287, 955, 985]
-2.0 0.1896913395265208 0.3333333333333333 [590, 192, 422, 251, 898, 984]
-4.0 0.19751513220770947 0.31451612903225806 [556, 169, 412, 255, 894, 853]
4.0 0.19796511627906976 0.36123348017621143 [592, 171, 457, 305, 911, 1004]
2.0 0.20479585223590407 0.3338607594936709 [602, 193, 358, 230, 816, 887]
10.0 0.21477900552486187 0.319935691318328 [552, 159, 330, 255, 750, 850]
-2.0 0.20575884823035392 0.32798833819241985 [625, 180, 389, 268, 885, 987]
0.1 4.784349485562275 0.20017582139951587 0.007807966225066751
epsilons: 100 max_epsilon: 0.01 attack_proportion: 0.30000000000000004
6.0 0.3036700227346541 0.32727272727272727 [595, 216, 350, 281, 785, 852]
-3.0 0.2896234082904362 0.34424695977549113 [622, 262, 459, 290, 984, 1074]
4.0 0.294375 0.33970276008492567 [583, 209, 370, 280, 849, 909]
-9.0 0.3031371166725414 0.3383720930232558 [432, 203, 332, 286, 789, 795]
-10.0 0.2915011914217633 0.30381471389645776 [407, 178, 279, 196, 731, 727]
-11.0 0.29347826086956524 0.32950191570881227 [424, 180, 348, 214, 713, 789]
1.0 0.3057250799186283 0.33745247148288976 [621, 213, 399, 320, 929, 959]
-11.0 0.30863192182410426 0.32717678100263853 [419, 188, 295, 207, 632, 715]
-3.0 0.3052176263855096 0.31886625332152346 [610, 254, 402, 267, 1011, 1155]
-5.0 0.30245419979260285 0.32 [469, 203, 347, 235, 773, 866]
-4.1 5.923681287847955 0.29978138279098054 0.006460983503028534
epsilons: 100 max_epsilon: 0.01 attack_proportion: 0.4
-10.0 0.411610650371017 0.344644750795334 [326, 189, 287, 188, 622, 679]
-10.0 0.3869198312236287 0.31842966194111233 [347, 177, 307, 207, 647, 685]
-12.0 0.4142988084326306 0.3407079646017699 [296, 165, 247, 151, 632, 691]
-12.0 0.39068825910931176 0.33549222797927464 [295, 151, 214, 146, 530, 640]
-15.0 0.408 0.32212885154061627 [266, 156, 212, 147, 488, 481]
-13.0 0.421765295887663 0.3222354340071344 [317, 183, 276, 169, 467, 582]
-5.0 0.3970076548364649 0.32953549517966696 [408, 246, 343, 240, 790, 847]
-10.0 0.4040798611111111 0.30934479054779807 [340, 203, 322, 193, 611, 635]
-13.0 0.4114457831325301 0.32503660322108346 [246, 160, 193, 141, 449, 471]
-6.0 0.3930530164533821 0.3227906976744186 [416, 204, 325, 214, 743, 833]
-10.6 2.973213749463701 0.40388691605577387 0.010902180182300724
epsilons: 100 max_epsilon: 0.01 attack_proportion: 0.5
-17.0 0.5138055222088835 0.3107476635514019 [237, 181, 208, 130, 443, 467]
-11.0 0.4914204003813155 0.3171677982541222 [307, 190, 230, 152, 595, 624]
-17.0 0.4873752201996477 0.3325301204819277 [251, 146, 207, 152, 457, 490]
-11.0 0.49244444444444446 0.3276173285198556 [324, 191, 246, 189, 599, 701]
-10.0 0.5229748934154429 0.3079710144927536 [269, 197, 245, 188, 581, 631]
-12.0 0.496 0.3139784946236559 [243, 191, 215, 154, 519, 553]
-14.0 0.5013623978201635 0.35248447204968947 [324, 239, 287, 217, 697, 805]
-11.0 0.5009514747859182 0.3057929724596391 [263, 185, 274, 183, 582, 615]
-15.0 0.5068027210884354 0.3400447427293065 [235, 199, 210, 135, 476, 509]
-15.0 0.5013448090371168 0.3283261802575107 [254, 187, 215, 168, 500, 535]
-13.3 2.4919871588754225 0.5014481883381369 0.010268367193975699
epsilons: 100 max_epsilon: 0.01 attack_proportion: 0.6000000000000001
-16.0 0.5934314835787089 0.3511450381679389 [212, 183, 201, 150, 490, 530]
-17.0 0.6118721461187214 0.29850746268656714 [239, 215, 229, 151, 454, 464]
-21.0 0.615539858728557 0.2901639344262295 [132, 118, 113, 89, 278, 261]
-20.0 0.6045283018867924 0.2958801498127341 [163, 155, 158, 107, 362, 380]
-15.0 0.5911251980982567 0.32797140303842715 [213, 224, 215, 153, 533, 555]
-16.0 0.6068090787716955 0.29592959295929594 [170, 170, 170, 120, 413, 455]
-15.0 0.5975056689342404 0.2969639468690702 [191, 196, 216, 167, 498, 496]
-18.0 0.5970238095238095 0.30807577268195413 [196, 180, 212, 135, 482, 475]
-15.0 0.6047453703703703 0.3167464114832536 [181, 159, 183, 143, 507, 555]
-18.0 0.6123727486296007 0.3030690537084399 [144, 146, 164, 98, 350, 375]
-17.1 2.0223748416156684 0.6034953664640753 0.007998241243388785
epsilons: 100 max_epsilon: 0.01 attack_proportion: 0.7000000000000001
-18.0 0.6767676767676768 0.3294243070362473 [183, 164, 162, 138, 358, 381]
-20.0 0.7212572373862697 0.30160550458715596 [157, 185, 129, 95, 314, 329]
-17.0 0.7046979865771812 0.3476190476190476 [147, 208, 175, 110, 415, 435]
-16.0 0.6973599484867997 0.33056325023084027 [147, 211, 176, 114, 434, 471]
-14.0 0.6967349197565025 0.32803812549642575 [186, 228, 205, 145, 497, 546]
-15.0 0.6848174247277387 0.3161833489242282 [163, 180, 180, 127, 444, 467]
-20.0 0.7 0.3403361344537815 [98, 159, 129, 90, 284, 260]
-17.0 0.6940509915014165 0.3377551020408163 [148, 186, 175, 122, 384, 397]
-19.0 0.6893353941267388 0.3531390134529148 [146, 172, 167, 107, 352, 350]
-17.0 0.691496837666901 0.3241869918699187 [155, 200, 160, 108, 403, 397]
-17.3 1.9000000000000001 0.6956518416997225 0.011376232939782738
epsilons: 100 max_epsilon: 0.01 attack_proportion: 0.8
-19.0 0.8035426731078905 0.31763527054108215 [126, 168, 147, 97, 329, 375]
-20.0 0.808242220353238 0.30697190426638915 [120, 188, 142, 94, 323, 322]
-20.0 0.7890173410404624 0.32722832722832723 [119, 140, 118, 91, 279, 291]
-21.0 0.7825696316262354 0.3214695752009185 [123, 163, 122, 91, 302, 312]
-17.0 0.8042049934296978 0.3088235294117647 [150, 217, 210, 113, 402, 430]
-18.0 0.7970588235294118 0.3016605166051661 [120, 206, 179, 111, 380, 364]
-19.0 0.8113391984359726 0.28072289156626506 [96, 155, 117, 72, 300, 283]
-21.0 0.8101472995090017 0.2919191919191919 [124, 164, 164, 85, 315, 370]
-18.0 0.801277501774308 0.31355181576616475 [130, 241, 165, 105, 410, 358]
-20.0 0.7969187675070029 0.3163444639718805 [152, 192, 170, 121, 387, 406]
-19.3 1.2688577540449522 0.8004318450313221 0.00878669431007204
epsilons: 100 max_epsilon: 0.01 attack_proportion: 0.9
-19.0 0.8989441930618401 0.31543624161073824 [91, 216, 160, 115, 356, 388]
-20.0 0.8995744680851064 0.3207190160832545 [119, 181, 162, 81, 316, 316]
-19.0 0.8967391304347826 0.3393939393939394 [112, 184, 122, 73, 298, 315]
-19.0 0.9098428453267163 0.3109090909090909 [111, 176, 148, 73, 340, 361]
-19.0 0.8917748917748918 0.308252427184466 [131, 192, 162, 93, 386, 422]
-19.0 0.8981164383561644 0.28503336510962823 [99, 211, 147, 94, 320, 297]
-20.0 0.9025069637883009 0.3117283950617284 [103, 150, 143, 80, 299, 302]
-17.0 0.8973941368078175 0.33303085299455537 [99, 206, 173, 88, 334, 328]
-21.0 0.9097345132743363 0.311284046692607 [110, 158, 135, 83, 304, 340]
-19.0 0.8962331201137171 0.32434575733544807 [127, 235, 150, 83, 399, 413]
-19.2 0.9797958971132712 0.9000860701023674 0.005495109939592416
epsilons: 100 max_epsilon: 0.01 attack_proportion: 1.0
-18.0 1.0 0.32400932400932403 [120, 180, 157, 104, 364, 362]
-19.0 1.0 0.2942271880819367 [59, 181, 139, 68, 308, 319]
-21.0 1.0 0.2992922143579373 [75, 150, 132, 75, 265, 292]
-21.0 1.0 0.3125734430082256 [92, 129, 93, 48, 241, 248]
-20.0 1.0 0.28114478114478114 [104, 174, 139, 93, 332, 346]
-21.0 1.0 0.3236098450319052 [83, 180, 138, 103, 282, 311]
-21.0 1.0 0.3103154305200341 [94, 172, 159, 100, 297, 351]
-18.0 1.0 0.307753164556962 [110, 186, 158, 86, 363, 361]
-21.0 1.0 0.30094043887147337 [98, 155, 106, 62, 254, 282]
-17.0 1.0 0.2949962658700523 [92, 185, 176, 120, 375, 391]
-19.7 1.4866068747318506 1.0 0.0
[12.7, 0.1, -4.1, -10.6, -13.3, -17.1, -17.3, -19.3, -19.2, -19.7]
[3.0675723300355937, 4.784349485562275, 5.923681287847955, 2.973213749463701, 2.4919871588754225, 2.0223748416156684, 1.9000000000000001, 1.2688577540449522, 0.9797958971132712, 1.4866068747318506]
[0.09843982475177057, 0.20017582139951587, 0.29978138279098054, 0.40388691605577387, 0.5014481883381369, 0.6034953664640753, 0.6956518416997225, 0.8004318450313221, 0.9000860701023674, 1.0]
[0.007446445123124405, 0.007807966225066751, 0.006460983503028534, 0.010902180182300724, 0.010268367193975699, 0.007998241243388785, 0.011376232939782738, 0.00878669431007204, 0.005495109939592416, 0.0]
Process 842 detected
